#{"t_start": 1521597908.3156316, "env_id": "Humanoid-v2"}
r,l,t
75.909595,17,1.74089
78.866636,17,1.767435
74.802752,16,1.79286
77.139712,16,2.38132
63.889177,15,2.403172
157.867764,33,2.879403
146.375179,33,2.930658
78.845875,17,3.417375
139.510348,28,3.462035
98.452668,21,3.924911
71.79137,15,3.946404
98.091632,21,3.977862
67.754075,15,4.430214
80.391181,17,4.456274
83.065233,17,4.484202
91.720337,20,4.945899
89.457856,21,4.98027
146.611859,33,5.463358
66.763272,14,5.484889
68.669871,15,5.939899
66.456793,14,5.962719
92.073991,19,5.991208
76.43445,16,6.016187
350.208243,72,6.998768
63.835653,15,7.022539
109.987826,22,7.486529
90.149773,21,7.520411
254.579283,54,8.0489
183.932952,36,8.536371
113.757726,24,8.574273
79.343194,17,9.032625
71.62027,16,9.058119
197.904216,42,9.557846
98.156251,22,9.594665
131.578794,28,10.069122
75.772666,16,10.093447
77.7349,16,10.547993
71.205502,15,10.571613
258.038058,51,11.091333
71.170094,16,11.115538
176.253348,43,11.625958
75.44585,16,11.65095
217.971896,41,12.297828
80.400339,18,12.760796
142.928152,28,12.808395
69.190679,15,12.832442
205.18713,40,13.329569
73.592511,17,13.790076
81.510798,19,13.820103
245.969245,48,14.333081
82.242622,17,14.359337
71.57083,15,14.383127
197.45859,38,14.882019
126.518847,24,15.353705
72.645997,15,15.377035
168.072089,32,15.865582
72.624452,15,15.889032
132.735776,30,16.367956
192.216285,40,16.433849
116.42638,24,16.909729
160.909071,33,17.397918
135.345819,30,17.44596
77.638044,16,17.471915
118.556153,28,17.949814
77.691206,16,17.973028
68.290868,16,18.430104
452.346624,94,19.465833
66.497787,14,19.489383
145.503975,29,19.533719
79.148641,17,19.994175
227.809401,44,20.50287
89.715573,19,20.532296
69.160165,15,20.556157
71.871601,15,21.016935
72.596732,15,21.040009
163.32132,41,21.536339
161.379501,34,21.592754
72.490759,15,22.048359
158.600902,32,22.0993
292.442962,55,22.707476
152.225316,29,23.188397
70.60867,15,23.211894
107.890963,25,23.68777
63.533429,14,23.709222
140.699819,32,24.191063
75.799449,16,24.216903
106.567882,27,24.694532
263.985024,57,25.226446
73.310113,17,25.253124
80.940477,18,25.282097
101.276388,21,25.746454
125.080857,30,25.793989
112.221356,22,26.259234
72.956127,15,26.281004
71.878207,15,26.304394
137.905673,32,26.794732
71.784226,15,26.818669
139.648718,30,27.303153
410.083121,78,28.310001
122.623897,27,28.352829
185.352919,41,28.862153
170.547837,36,29.356932
189.757106,48,29.87504
269.462987,52,30.393329
71.69521,15,30.415769
142.608987,30,30.899298
112.110116,24,30.935452
148.791031,29,31.414326
127.559181,29,31.465162
133.166455,27,31.940116
184.823061,44,32.445358
216.789251,41,32.515461
95.988987,20,33.445196
164.852176,39,33.946148
97.384845,24,33.981438
80.901709,17,34.007996
142.770495,33,34.49493
126.391034,27,34.974729
327.409468,64,35.513417
318.609964,59,36.052375
175.760113,37,36.548232
72.2846,15,36.570769
69.947617,15,36.594393
86.137537,19,37.058394
69.565354,15,37.081763
135.174703,30,37.56539
318.13487,67,38.123862
124.674011,29,38.604477
283.228832,58,39.13447
201.683922,49,39.645714
277.640735,56,40.177236
283.185474,66,40.723221
150.417491,34,41.209912
253.397565,55,41.738944
265.591917,51,42.265761
116.315361,25,42.740339
219.799221,44,42.813711
262.283955,63,43.932647
176.310976,41,44.002722
173.255091,34,44.497077
105.502374,22,44.964789
384.205943,79,45.530046
224.790401,44,46.033158
200.156497,45,46.542455
220.66576,43,47.049291
220.439386,43,47.553334
209.718859,40,47.617736
88.030536,19,48.08069
156.320591,36,48.57255
240.948182,52,49.094804
205.597841,40,49.160259
74.229471,16,49.617501
193.113688,41,50.11282
74.889714,16,50.138743
136.765283,31,50.191171
233.649909,53,51.142964
80.782284,17,51.168144
276.127865,52,51.693749
267.452871,54,52.221424
317.862939,58,52.758946
265.797143,53,53.289196
338.412414,68,54.452906
155.3627,34,54.515064
223.797843,42,55.057272
112.65299,23,55.527077
239.5909,47,56.056548
291.311702,60,56.586937
82.531921,17,56.613306
141.608263,28,57.113396
240.129805,49,57.630398
277.003995,55,58.174309
144.193127,28,58.217591
317.143885,65,59.214957
182.45196,39,59.279783
292.735023,66,60.288254
344.276096,69,60.864402
238.738331,49,61.382217
213.44532,46,61.909968
195.076557,42,62.41182
236.69232,51,62.948062
77.293623,16,62.970667
146.099938,31,63.45351
201.326259,40,63.967875
204.529967,44,64.044224
188.757898,39,64.537087
240.545709,58,65.379349
250.361984,49,65.912034
292.178722,62,66.897025
290.432457,61,67.432722
295.106165,55,67.973207
197.771341,42,68.472672
106.807458,23,68.510323
256.976948,58,69.066
310.439276,60,70.049071
301.601639,56,70.57427
255.198547,58,71.117175
221.613401,52,71.637149
167.505376,41,72.154799
187.527277,42,72.651407
298.126606,69,73.222957
165.624612,37,73.738474
412.229527,76,74.298272
198.776006,48,74.831995
93.243855,21,75.298967
262.381282,54,76.246242
415.265614,85,76.827464
249.240056,60,77.798129
176.384269,41,77.864203
314.052065,75,78.854993
447.960311,92,79.886811
317.491028,74,80.448967
285.283798,60,80.989673
434.271687,88,82.028862
350.150917,70,83.034945
281.096067,57,83.570057
137.652976,29,83.617133
238.520373,47,84.155227
312.488872,61,84.71064
235.155714,46,85.227218
258.525496,51,85.771949
222.306848,46,86.284977
230.904241,46,87.142335
276.958632,53,87.663803
212.524288,42,88.182551
283.381346,52,88.718425
262.489365,51,89.23757
325.530201,68,90.247501
257.503369,51,90.791087
246.211103,47,90.874146
210.078099,41,91.380913
290.919053,56,91.930737
216.479625,42,92.436119
224.929938,44,92.963408
248.034197,49,93.478946
246.100462,47,94.012876
301.503465,58,94.543672
211.783105,41,95.064991
215.557084,42,95.572556
348.168552,68,96.141745
286.510883,55,96.670604
257.498741,49,97.207727
232.615775,46,98.026133
324.541347,64,99.022255
255.910361,50,99.534885
350.212826,66,100.100767
229.97658,44,100.607383
408.58171,78,101.194835
272.914891,51,101.734821
398.050422,78,102.761028
278.906071,52,103.284933
293.035938,56,103.83339
333.773812,64,104.376012
286.399544,53,104.921714
259.290108,51,105.437556
243.641048,47,105.972327
239.055225,46,106.482864
272.114613,51,107.034076
401.459924,82,108.062377
569.358647,111,109.637953
225.199639,45,110.165384
376.470153,73,110.742001
234.189788,53,111.689459
321.520871,61,112.248882
184.984343,44,112.777676
315.298625,68,113.325126
291.045213,56,113.874632
450.338566,89,114.908983
399.444428,92,115.947306
355.878326,80,116.518112
216.396019,51,117.060143
204.774588,48,117.573006
422.484256,93,118.622687
227.96918,48,119.152455
176.180759,39,120.058115
132.363972,29,120.106849
124.059924,28,120.586341
540.657038,108,121.65622
389.729475,75,122.669937
347.213992,72,123.250354
212.017639,46,123.784569
258.771669,53,124.301131
209.820072,46,124.829886
413.986695,87,125.865461
271.917376,57,126.394275
215.194195,51,126.929471
331.454609,67,127.469133
375.565786,83,128.495161
351.162858,71,129.068279
246.253807,62,130.053155
309.067255,72,131.136867
285.39958,56,131.655399
221.479311,42,132.179052
339.818001,64,132.740756
393.549301,74,133.732731
416.969662,79,134.305834
318.815616,62,135.273569
408.017339,81,135.841599
411.87344,84,136.85082
433.951884,85,137.859746
500.072282,97,138.894224
310.686597,61,139.424304
417.133318,81,140.003109
329.188472,63,140.972699
266.622464,51,141.983972
441.452182,86,142.568657
328.934197,62,143.54335
216.257759,45,144.054104
272.334645,52,144.572259
258.835735,50,145.081251
319.602484,56,145.607347
238.026334,46,146.112798
321.997435,61,146.645749
188.542763,39,147.139817
292.799191,56,147.661065
275.199096,54,148.180925
293.614642,59,148.713194
295.083076,54,149.235594
285.444006,53,149.756348
227.180721,48,150.264935
254.013698,50,150.787332
237.981174,48,151.295697
345.000678,68,151.850282
411.261983,96,153.498662
295.434033,55,154.022215
364.901088,72,155.003689
243.914702,46,155.520787
270.465074,51,156.041714
274.187834,51,156.555946
264.885294,50,157.076976
261.314982,51,157.596511
269.525857,51,158.11513
258.572418,49,158.632004
261.111931,49,159.14322
278.997763,52,159.658731
257.288098,51,160.178046
263.410504,50,160.691278
225.772538,44,161.199838
278.5143,53,161.717663
223.24115,43,162.220632
397.2976,79,162.78001
229.90855,44,163.566413
257.485677,50,164.079694
264.401428,50,164.593181
256.15179,51,165.10425
211.417126,41,165.602735
284.936065,55,166.125285
274.011589,52,166.63659
252.116505,48,167.153122
354.841166,65,167.696995
339.825229,63,168.665232
283.312267,53,169.180737
344.509799,67,169.71804
223.077664,44,170.22236
202.116224,41,170.721549
409.89766,79,171.289326
261.10568,50,171.802995
233.373192,47,172.313296
258.440352,50,172.826214
258.788197,50,173.338227
222.307927,44,174.161365
263.755298,50,174.672854
257.27367,51,175.19105
284.94065,56,175.715357
238.105641,48,176.223417
220.699751,43,176.725729
191.06913,38,177.220148
225.250507,44,177.721309
228.744095,46,178.229986
171.604381,35,178.290808
243.199585,46,178.79951
258.589565,50,179.312264
201.699503,41,179.811237
215.509994,41,180.312252
268.083628,51,180.829767
350.049384,68,181.378217
308.756652,65,182.344911
227.159393,44,182.417336
384.624522,77,183.405961
437.273317,100,184.824474
249.598351,48,185.3346
313.345992,55,185.85541
326.320478,63,186.400357
358.874841,76,187.387416
278.57706,53,187.903704
172.541792,35,188.388923
254.046956,61,188.922353
137.790913,33,188.978717
193.396318,45,189.481571
448.93584,93,190.522905
308.563174,74,191.530295
334.692461,66,192.077693
183.00676,44,192.587388
249.727911,48,193.101384
251.194018,52,193.624254
336.721801,71,194.189089
135.88993,28,194.667332
310.786811,63,195.597919
343.153035,66,196.141306
288.819549,61,197.114168
366.18227,72,197.669338
445.750469,101,198.721824
407.063973,85,199.74159
293.529982,69,200.29431
253.828154,53,200.817032
240.186693,62,201.793581
346.001345,82,202.384514
643.774116,129,203.926601
290.285663,63,204.474879
293.214394,66,205.032838
560.391704,121,207.13641
222.910266,47,207.646355
415.29823,92,208.673073
236.718536,50,209.18919
302.03709,67,209.745827
279.664595,66,210.296044
429.116424,86,211.313888
302.287476,64,211.86485
455.068498,90,212.890261
219.772522,47,213.402869
406.773461,91,214.431075
256.685072,60,214.975319
231.983027,50,215.49277
530.214537,99,216.531214
354.43093,72,217.655753
408.698704,90,218.678822
325.36521,70,219.671386
439.439714,89,220.274092
474.445688,108,221.760562
163.326306,36,221.818959
304.531968,58,222.355105
849.772212,187,224.414154
272.082435,54,224.942211
198.50332,41,225.448916
311.220854,72,226.013574
297.346506,67,227.01008
114.658901,25,227.050927
294.40196,59,228.439704
399.916192,86,229.017229
291.261158,64,229.989786
341.678145,68,230.54595
413.961331,84,231.550424
436.49808,92,232.138461
362.688754,71,233.130439
369.514723,73,233.691217
347.192935,79,234.785255
300.812239,72,235.347039
353.994514,73,236.332066
350.688516,71,236.887012
221.407859,50,237.403543
452.186034,87,238.421726
204.037742,50,239.305004
304.641419,56,239.838164
707.057788,156,241.42293
530.524551,108,242.47651
296.349332,58,243.013875
229.197416,50,243.530441
240.817432,53,244.48361
283.84722,57,245.018099
608.174941,122,246.089146
518.935236,103,247.14189
245.419859,49,247.652712
252.786991,61,248.187125
357.392818,72,249.174951
232.391292,51,250.193022
461.488257,92,251.219686
413.921402,95,252.246103
426.865396,83,252.82928
271.014621,53,253.356436
103.465768,24,253.828345
442.226892,93,254.859256
93.960029,21,254.892297
269.309921,61,255.429689
494.663909,111,256.503278
681.506426,151,258.504219
426.711665,98,259.11498
365.768884,83,260.12291
410.382314,95,261.688264
379.796704,74,262.688451
285.131334,64,263.235965
475.537915,99,264.283893
439.376546,87,265.300317
342.379402,80,265.876196
319.821915,78,266.89244
249.282431,60,267.428394
336.099128,77,267.994988
264.01119,57,268.955456
390.65286,77,269.52275
433.312234,85,270.530075
350.207198,82,271.110239
448.926921,92,272.624068
310.12044,74,273.623839
200.123227,44,274.134276
313.688984,75,274.699855
261.041222,55,275.220055
128.337486,29,275.696302
295.483758,63,276.233771
281.673223,59,276.762275
245.126428,56,277.290619
277.579455,57,278.25022
214.872098,45,278.323846
301.040755,64,279.298266
356.155851,76,279.864142
389.975202,88,280.876863
346.107513,68,281.428275
325.787086,81,282.807576
212.737579,44,283.312117
307.326165,63,283.847163
249.35725,54,284.374133
196.154425,48,284.886195
185.111128,47,285.397129
232.913352,57,285.925193
327.319463,64,286.468259
267.155088,64,287.44987
238.171024,57,287.979453
599.66109,132,289.514509
235.147329,57,290.042105
264.559651,56,290.560519
161.947399,34,290.613592
244.250196,59,291.57429
329.55,63,292.112409
207.667099,45,292.614078
235.58922,56,293.672433
244.685301,51,294.192092
371.215806,82,295.184857
298.819679,73,295.737118
302.467024,69,296.289121
336.831792,79,297.286555
261.688276,64,297.827099
424.356591,106,298.871191
232.942889,57,299.833313
255.267253,61,300.375077
299.719883,67,300.924446
275.741252,63,301.462506
314.256066,74,302.44801
431.716018,87,303.462773
267.137804,62,304.398841
254.198078,57,304.928982
342.058399,81,305.946692
249.571084,61,306.484052
222.680387,54,307.005724
320.9255,69,307.557357
497.453762,113,309.052021
450.526017,101,310.101962
329.135496,72,310.653671
295.536456,64,311.192934
285.562619,59,311.727144
326.563287,77,312.730247
282.958883,64,313.274253
442.653259,102,314.328213
293.158421,62,315.684835
196.333865,47,316.200363
307.382486,71,316.758451
531.133217,114,317.836006
243.646299,53,318.360347
344.376864,82,319.369933
260.073251,56,319.895347
366.980967,83,320.909534
284.709468,68,321.455051
334.491928,70,322.007801
241.568268,60,322.97634
297.808051,69,323.524875
453.849598,91,324.542166
634.977545,137,326.738255
352.652024,85,327.322955
247.707484,58,327.854945
397.502657,82,328.864788
566.726431,120,329.961229
336.216234,77,330.961471
457.233643,101,332.00828
413.706474,87,333.037464
393.902237,94,334.080258
238.302471,56,334.609166
431.896129,100,335.65623
376.30881,82,336.236825
312.005805,76,337.84556
388.131783,83,338.873612
360.866663,76,339.445401
331.38975,74,340.454412
354.495203,70,341.003709
342.547191,78,342.010937
350.822863,79,342.595297
282.829409,73,343.603142
358.51162,74,344.163287
441.400239,98,345.220534
160.331678,37,345.719383
162.734834,40,346.227576
267.551527,66,346.779061
353.221026,80,348.535799
632.719578,142,349.66086
334.414418,66,350.643722
588.991344,133,351.741778
373.391622,93,352.771058
276.986,59,353.306925
360.384791,73,354.307309
301.317108,72,354.859756
676.801304,142,356.435238
214.908912,45,356.947623
319.281893,76,357.957622
335.012445,70,358.516555
509.087049,104,360.206429
317.711485,62,360.746836
355.244691,75,361.75035
280.731564,62,362.288257
431.02709,87,363.321658
343.390728,78,363.889423
253.694851,57,364.420409
258.470403,56,365.388251
294.184729,61,365.923622
243.968155,50,366.444735
569.223148,117,367.518049
452.085272,107,368.566966
184.338785,40,369.069535
448.167762,98,370.801816
256.5928,59,371.338394
409.638893,90,372.365576
276.619277,60,372.898898
223.731242,47,373.409751
293.039725,60,373.943433
441.004866,105,374.987794
377.085391,90,376.015741
369.113229,77,377.015349
247.448772,51,377.535016
208.685734,43,378.039363
421.679962,87,378.61505
415.981474,82,379.627104
763.456616,151,381.80237
427.49612,83,382.831936
275.640106,69,383.388178
422.309412,95,384.433335
327.189048,67,384.986546
269.850542,58,385.520575
268.13822,61,386.50014
289.030661,62,387.043294
288.875086,61,387.587779
383.874119,77,388.597594
426.195552,83,389.173793
319.699436,72,390.16923
735.374327,152,391.751393
449.199186,91,393.274801
232.225336,46,393.788848
276.777321,56,394.324554
131.414242,28,394.369445
270.159874,62,395.340441
493.130201,95,395.950593
271.876432,59,396.920178
279.491736,59,397.458407
166.28474,40,397.955546
335.149084,73,398.513328
245.006383,51,399.031044
231.484901,47,399.548415
410.354258,78,400.555224
420.991103,96,401.162898
251.389606,57,402.12399
293.116722,60,402.664222
233.526768,47,403.671723
303.583837,58,404.201734
475.171121,97,405.236025
343.413135,69,405.775322
487.429641,98,406.817145
315.43632,64,407.358261
406.644799,78,408.356925
151.786561,33,408.841083
319.219153,73,409.395005
262.394001,52,409.91604
478.223094,93,410.953333
358.593803,70,411.506857
312.439025,62,412.481268
255.85303,66,413.026155
398.376654,77,414.426955
271.383255,68,414.99335
496.005756,96,416.017081
467.966783,115,417.074884
159.529395,33,417.561009
429.579113,87,418.568903
254.244435,52,419.086289
646.435536,128,420.171263
650.87276,135,421.696165
234.728034,61,422.227149
265.153568,63,422.762751
284.292809,58,423.294113
439.48385,104,425.276315
139.968065,31,425.332779
310.378122,73,426.325033
284.785282,66,426.86651
516.169431,121,427.946846
363.550134,81,428.943236
363.212219,83,429.944796
212.693501,44,430.445824
279.942765,64,430.98357
255.549473,57,431.511448
454.675071,90,432.531844
288.773593,68,433.070205
304.343591,62,433.604656
313.999119,72,434.58336
420.683746,97,436.192034
349.860938,78,436.754442
337.606416,68,437.736659
254.839627,57,438.263699
308.689374,71,438.81121
608.382561,137,440.331587
232.060403,55,440.852599
389.941028,81,441.84989
239.433152,59,442.380276
313.376988,60,442.909457
397.375229,82,443.919942
294.90493,61,444.455145
314.137133,64,444.994193
421.981966,82,445.990392
365.198831,69,447.094684
245.49842,59,447.629896
402.262792,83,448.633871
304.102678,59,449.167222
507.837321,100,450.210472
406.298515,97,451.242006
424.899053,97,452.270203
322.755507,74,453.276192
335.800908,78,453.850196
477.426671,91,454.875283
390.895793,89,455.896327
373.807132,88,456.922613
167.68937,37,456.982124
246.881268,55,458.089692
370.315966,71,459.0823
265.486131,52,459.605301
381.870297,75,460.164606
577.275816,111,461.666568
94.556809,20,461.699003
338.341983,71,462.258145
339.477039,74,463.254261
327.48881,81,463.826719
374.35624,87,464.853833
332.633149,71,465.844652
285.353346,70,466.393747
259.637375,66,466.935785
306.830572,73,467.942414
473.705945,106,469.575164
334.343146,66,470.120199
297.501301,69,471.101397
302.056665,63,471.641084
288.06968,66,472.183058
238.147131,47,472.6916
94.50445,20,473.154401
185.302724,40,473.216973
358.754957,69,474.199276
372.499606,73,474.75517
282.788948,57,475.281115
96.40725,20,475.746089
311.001395,77,476.307585
324.809976,77,477.304407
641.247193,146,478.868799
215.668059,52,480.080601
574.516199,115,481.139534
528.911001,104,482.1753
192.155099,43,482.679766
369.191923,73,483.22867
295.901535,62,484.193221
283.247335,60,484.723773
495.312071,107,485.769259
505.091359,104,486.815348
608.048796,123,488.328291
374.995286,74,488.891873
379.686943,90,489.914798
151.799641,33,491.079077
344.789994,68,491.628844
507.041672,106,492.681147
463.922822,92,493.702091
402.827195,81,494.273942
234.326561,57,495.234816
513.568497,102,496.275861
327.646193,67,496.82181
298.027808,71,497.372974
198.28875,42,497.871725
460.369233,91,498.889725
395.821406,77,499.882164
245.053707,51,500.39777
454.208279,98,502.072534
383.671856,80,502.648654
425.735977,98,503.682661
182.18487,40,504.178056
211.163198,50,504.691147
162.807465,35,505.175895
250.665054,65,505.722308
201.215215,45,506.226037
424.43492,87,507.247097
266.238299,56,507.777045
165.865504,39,507.839966
525.236299,104,509.31619
406.85341,83,509.891617
161.925998,36,510.38154
611.230676,121,511.461781
292.755123,71,513.05014
309.610398,63,513.592344
396.681494,79,514.593618
410.804308,84,515.172807
359.430878,77,516.168884
392.940904,94,517.180802
304.167179,68,517.728293
201.980086,46,518.233063
393.016255,80,519.236799
340.698781,81,519.81146
305.448135,71,520.801291
555.662059,110,521.855947
321.763185,65,522.396275
339.241149,68,522.94288
708.571453,149,525.282197
316.681042,72,526.268818
616.292945,121,527.349714
335.976782,78,528.35168
320.809763,73,528.911122
374.652037,88,529.927133
517.616297,115,530.986425
474.487645,100,532.019359
427.830933,90,533.044142
244.729895,60,533.578141
240.094382,58,535.191921
468.674218,98,536.223092
104.197794,24,536.259266
152.582122,33,536.744097
312.969675,71,537.29409
364.789669,73,538.28314
372.450507,81,538.845943
215.279051,49,539.358083
132.356245,30,539.845382
167.795964,38,540.340192
229.324532,54,540.864991
225.385896,48,541.377725
148.754539,32,541.432908
247.719018,52,541.952131
406.459537,85,542.965954
443.862762,90,543.988419
231.242007,53,544.509207
385.917804,80,545.077066
223.684956,53,546.2039
630.76717,140,547.745896
382.503541,80,548.744308
325.098157,75,549.302733
734.905691,161,551.314201
518.524867,120,552.385389
563.549765,117,553.453817
314.641657,76,554.454724
180.77124,41,554.955703
395.750153,84,555.537179
520.687568,107,556.877307
318.72705,67,557.855629
468.3143,110,558.91269
424.039695,86,559.93226
670.981733,140,561.484612
157.534843,34,561.542124
399.36238,79,562.544653
422.412207,84,563.120317
301.776347,65,564.09105
369.222689,75,564.647112
550.332362,123,566.155718
466.481559,97,567.646883
300.467241,57,568.176413
284.631545,58,568.708671
254.829587,52,569.228137
283.717291,59,569.759373
424.948556,85,570.767411
456.672301,91,571.78873
527.449796,99,572.824567
374.438253,89,573.415915
317.727418,75,574.415019
332.181812,66,574.96155
252.714971,53,575.484871
431.868587,83,576.493814
198.486911,51,577.010729
552.710217,104,578.579996
287.06329,56,579.099408
497.485373,112,580.163364
364.377785,72,581.153297
208.974173,44,581.662473
233.605979,49,582.179219
413.411809,99,583.218848
370.210043,79,583.80389
307.150029,64,584.784313
256.363983,52,585.30342
488.96385,100,586.350061
452.693742,106,587.399321
494.783892,103,588.460009
297.647093,59,589.853764
313.286629,67,590.40189
599.971081,120,591.913054
277.161563,63,592.454751
363.736629,82,593.463974
499.314231,100,594.574125
517.600778,102,595.630207
375.038303,74,596.189966
367.192232,73,597.175403
255.019409,54,597.701218
218.503054,45,598.208681
148.566577,33,598.264339
317.650701,74,599.257306
306.376599,61,599.794257
233.236896,51,600.800881
310.786149,65,601.342197
254.745341,57,601.87171
386.188329,77,602.877331
387.416728,78,603.876162
320.538624,70,604.426796
424.4319,97,605.460325
298.066702,71,606.018329
310.589738,63,606.99274
483.027166,99,608.031693
322.502217,66,608.581868
108.909458,26,608.624134
333.275797,67,609.606064
455.700596,91,610.624906
418.785356,99,612.543123
359.640564,87,613.123536
349.741939,80,614.125772
373.241071,92,615.149191
367.423441,73,615.710251
363.987907,87,616.725461
480.319959,97,617.764049
383.776996,77,618.334098
294.849223,70,619.326401
198.401381,43,619.829787
281.527694,64,620.373745
295.190563,71,620.931621
596.197914,135,623.233997
333.321185,76,624.229757
110.678235,25,624.271014
494.755445,97,625.307416
737.519104,166,626.893819
552.756994,123,628.397778
301.715505,66,628.943795
442.72565,92,629.962842
522.942431,104,631.009913
547.905415,125,632.520716
447.633382,90,633.106225
384.612383,77,634.478165
397.8361,79,635.045929
499.211491,106,636.517236
517.837586,103,637.556248
306.711945,63,638.093011
311.962318,73,638.652454
279.609884,62,639.616842
385.369876,79,640.185086
345.080141,72,641.17195
294.315487,71,641.72098
290.009511,57,642.24938
349.717057,69,643.223542
289.285646,58,643.755024
407.452616,77,644.738254
399.196785,79,645.735923
333.586932,75,646.292685
371.885201,73,647.280024
238.237539,53,647.800097
280.691728,58,648.329654
426.109548,83,649.33312
241.550148,49,649.84338
576.796088,130,650.92102
253.547828,50,651.434305
395.657082,77,652.421848
412.756716,81,652.988828
117.667976,28,653.460169
453.706966,103,654.498458
275.960307,55,655.393229
456.304972,86,656.407571
401.050114,77,656.968632
244.631224,52,657.487203
466.60952,93,658.506059
272.489716,56,659.032973
528.385279,103,660.074421
359.516917,71,661.06197
450.617924,89,662.076033
236.847186,54,662.602952
315.210186,71,663.148017
569.186725,121,664.653384
248.144778,53,665.170815
380.057361,87,666.262477
315.718087,77,667.249994
257.676678,54,667.769876
258.816828,54,668.285915
367.050122,74,669.275776
259.824133,53,669.793801
392.081713,78,670.361299
279.837449,58,670.892193
317.779073,65,671.866138
436.294241,87,672.450163
366.8394,76,673.443453
400.438207,78,674.006087
409.644352,82,675.008307
331.188296,68,675.556823
645.731244,131,677.51115
345.284311,71,678.068073
358.893354,75,679.058972
298.39339,58,679.592331
217.927081,46,680.100364
432.447749,95,681.12452
263.084108,56,681.659391
332.101696,78,682.653291
336.711091,72,683.205536
267.946729,62,683.742355
523.672937,111,685.234417
302.34189,71,685.783114
373.200857,83,686.787087
328.429961,73,687.859012
288.864964,64,688.401874
285.191129,66,689.384422
315.887065,68,689.926383
304.088137,67,690.468513
561.462209,119,691.970178
420.039647,83,692.546067
315.421269,65,693.524156
548.828121,106,694.57383
325.10375,67,695.116502
396.615209,81,696.117569
430.399935,86,697.125957
316.681987,64,697.668922
356.905622,84,698.85916
325.072265,74,699.84814
368.096878,78,700.845237
404.964055,93,701.447388
407.410319,88,702.457065
330.934891,71,703.445446
339.445193,69,703.98837
169.934128,41,704.483253
386.361348,77,705.042869
306.421335,76,706.041356
186.600704,42,706.543433
277.834465,52,707.065298
246.928054,63,707.606102
186.607134,50,708.130304
276.444406,69,708.684322
88.248589,21,709.618465
304.491226,72,710.169278
446.458742,88,711.182632
314.627314,65,711.733291
505.147959,101,712.782336
196.766923,41,713.280584
463.233462,109,714.336934
384.036634,75,715.330301
346.712502,81,715.90293
259.185539,58,716.861837
384.390363,77,717.420179
432.15932,101,718.451454
330.388379,66,719.000272
368.457662,79,720.58375
284.252444,57,721.112775
353.389559,69,722.09634
305.147468,74,722.654176
293.103947,69,723.206137
448.41137,99,724.245597
363.709987,70,725.22819
485.775291,93,726.248318
133.634166,32,726.300282
303.034337,70,727.284009
463.256035,89,727.86802
557.023835,110,729.348164
228.918975,48,729.858007
448.227562,89,730.443003
556.145813,111,732.378594
345.507939,66,732.922
275.301942,53,733.444281
359.630729,69,733.99696
444.27009,86,734.999728
484.217929,92,736.021014
212.281714,44,736.524349
619.69709,122,737.600971
359.992985,67,738.580291
489.229337,91,739.167295
532.766901,100,740.196347
333.261045,65,741.16901
491.3013,97,742.893353
368.967781,83,743.46435
390.61504,77,744.454724
319.327289,76,745.024869
351.184491,74,746.01109
251.820627,60,746.551196
493.775438,102,747.586933
316.040252,77,748.588664
507.239797,103,749.638118
276.548467,63,750.185266
397.430425,76,750.750431
419.923021,81,751.749618
385.710496,85,753.495265
416.598836,79,754.069302
267.68499,56,755.029117
358.46684,69,755.572002
265.395906,65,756.118987
403.086298,92,757.1374
324.71737,68,757.68346
452.053678,92,758.707081
408.865092,89,759.71555
396.753894,81,760.71729
399.063831,77,761.275787
396.346449,77,762.269093
439.107989,86,762.847469
568.168803,112,765.320184
326.163518,73,765.881371
680.476242,140,767.426573
443.243311,92,768.459556
285.564632,65,769.003412
629.820734,127,770.527388
498.851274,101,771.560984
753.519947,168,773.171437
359.539185,80,774.221343
387.262358,92,774.857257
408.575712,82,776.79581
480.182192,97,777.827187
206.64861,50,778.340786
317.450026,70,778.891565
291.230459,68,779.87694
255.921603,66,780.421003
163.818766,39,780.919191
173.301713,41,781.421707
220.365864,56,781.954772
224.028537,56,782.479887
408.639386,96,783.515809
284.238483,68,784.07016
431.444921,86,785.081611
305.343182,73,785.637591
216.947391,53,786.160142
82.605148,19,787.091157
211.712598,50,787.605199
320.784411,78,788.168118
147.954103,35,788.65806
333.189398,71,789.641437
339.735321,70,790.190321
337.480888,81,791.190049
143.318517,35,791.247229
285.643996,58,791.774072
287.275971,57,792.731064
564.918363,126,793.816211
368.578702,77,794.818779
525.247896,104,795.866406
139.112667,33,795.919616
367.396958,84,796.924988
468.471334,106,798.588013
297.313227,72,799.576859
274.311426,54,800.102306
326.134622,76,800.663022
207.757202,52,801.185169
1037.247236,227,803.752193
203.939753,45,804.260381
408.456977,84,804.840853
325.452689,65,805.813745
403.736245,81,806.391138
391.60507,76,807.394288
228.301729,47,807.910388
374.375639,84,809.123341
230.205996,47,809.638248
465.639414,94,810.672814
568.215399,123,812.201
504.683661,113,813.25698
237.596099,49,813.772787
468.994532,95,814.807585
352.100884,74,815.377937
560.852131,113,816.876263
344.840514,70,817.430088
409.00313,80,818.43212
476.29313,93,819.027094
288.456929,59,820.523403
532.86287,119,821.600399
334.784501,69,822.15397
558.061416,109,823.628177
272.332007,58,824.157104
235.925762,53,824.67496
605.630796,121,825.763366
288.358217,67,826.745554
497.141048,99,827.343227
735.74919,166,829.386083
420.768244,79,829.948798
305.804375,70,831.922298
704.456277,152,833.487332
285.8921,66,834.034018
662.432092,153,835.612155
327.328804,66,836.593673
403.254277,89,837.180649
234.216797,46,837.688845
355.117436,70,838.676903
324.968223,74,839.235322
512.477754,114,840.312196
378.651663,87,841.331071
641.417641,130,843.507106
317.250443,74,844.070461
270.424367,62,844.611845
527.445433,102,845.656039
336.939396,67,846.630153
462.915073,95,847.657658
537.378118,123,848.734896
667.753414,136,850.286972
340.178725,68,850.83955
317.057703,65,851.822241
429.725573,86,852.406331
272.9717,66,853.895268
809.391172,170,855.489476
456.401645,108,856.549704
186.714687,41,857.049371
212.099615,42,857.549777
365.829674,85,858.564364
237.127898,55,859.090748
433.489144,98,860.126883
507.108178,108,861.188063
490.389899,103,862.227754
361.216709,73,862.787994
308.101707,70,864.46999
489.83531,100,865.519456
527.598147,107,866.562911
385.916851,92,867.589954
347.269479,76,868.152409
369.757864,74,869.139946
396.506096,80,869.712829
467.44663,98,870.750769
369.564971,74,871.743756
857.917807,175,873.34491
366.385392,75,874.336421
518.398053,109,875.981311
250.319941,54,876.501615
375.919517,79,877.495743
274.841204,59,878.030682
506.96545,103,879.084302
416.930252,88,880.094685
300.256698,62,880.63545
421.404908,83,881.204268
346.174579,80,882.201412
326.306497,65,882.742699
413.631042,87,883.754827
512.623372,114,884.821981
723.159921,158,887.550563
443.315442,91,888.13906
662.176391,134,889.682538
586.031353,117,890.746448
377.275176,87,891.763705
320.863968,75,892.771399
318.386513,75,893.336197
667.264117,134,894.880451
624.571638,122,895.949447
370.765433,91,897.755132
682.554396,139,899.284839
301.231017,66,899.825957
662.1857,132,901.343112
422.031193,96,902.381653
633.497433,142,903.937283
397.391499,82,904.510987
281.873922,61,905.050684
479.40474,107,906.53502
726.781005,141,907.64039
275.999108,55,908.874815
291.351804,68,909.858452
417.23953,79,910.421047
495.442635,106,911.892256
700.062718,144,913.003884
411.503142,84,914.01758
499.892689,107,915.065078
367.806017,70,916.043125
264.066787,64,916.581828
419.813337,85,917.584099
467.404358,105,918.63062
375.224187,82,919.916245
267.903346,55,920.437744
456.711763,91,921.461631
459.021596,106,922.511401
502.069622,120,924.022763
342.617412,82,924.598403
406.868755,96,925.631345
480.865947,93,926.659019
422.102835,106,927.717211
414.47976,91,928.743996
364.18912,86,929.756387
723.966613,165,932.159901
310.820152,66,932.707442
113.076018,25,933.180764
502.798865,111,934.242309
716.531126,155,935.804893
103.118744,23,936.275343
382.535068,92,937.308869
457.602553,104,938.35945
303.030416,76,938.921357
112.273511,25,939.39606
308.659649,73,939.950653
131.490871,30,940.434
374.411142,90,942.030988
222.003045,47,942.111763
606.475781,122,943.627937
597.435332,111,944.682211
295.346696,68,945.670346
332.838245,69,946.222564
405.210836,96,947.253048
100.107893,23,947.290092
484.420648,115,948.790323
402.123404,82,949.370145
365.605401,75,950.370349
411.537739,95,951.397213
344.284972,72,951.95079
348.150829,71,953.537745
445.624718,94,954.58241
403.968064,83,955.587092
645.714107,146,957.134391
423.431792,97,958.163806
423.233347,91,959.198281
393.731325,77,959.762371
640.638586,133,961.301036
364.397778,70,961.855734
505.14972,112,963.358339
315.04095,71,964.735389
406.180118,80,965.74084
324.003568,76,966.303081
372.657188,77,967.298311
357.970392,68,967.844008
427.696519,80,968.844323
375.597861,73,969.407235
418.423588,80,970.400205
250.293146,53,970.918615
327.216262,63,971.457515
327.26949,65,971.995083
295.130238,59,972.525869
283.989286,56,973.504176
337.088153,80,974.097627
295.93426,60,974.629574
315.764507,68,976.279461
268.954939,55,976.824405
331.351139,65,977.368232
391.162919,76,978.381848
600.091011,121,979.480009
657.999544,127,981.048648
818.725952,163,982.652313
450.152732,91,983.709208
494.206412,96,984.756826
315.805229,70,985.31022
306.426191,63,985.869911
449.940078,100,987.567325
348.74905,80,988.599143
279.350859,62,989.165593
302.022523,65,989.737739
258.023626,62,990.736374
543.859722,125,991.861116
288.438895,66,992.415736
290.090534,68,993.428986
422.427311,91,994.485449
306.343506,66,995.050366
339.744389,74,995.615666
522.898999,100,996.668599
306.7127,72,998.436336
367.598624,73,999.017163
560.546019,125,1000.550869
709.565645,144,1002.148086
417.293858,90,1003.182465
443.074194,90,1003.79438
521.782335,118,1005.328841
320.800046,65,1005.892909
372.434904,72,1006.452017
447.297281,101,1007.501396
287.730714,61,1008.48842
440.616604,102,1010.068039
610.274265,120,1011.152148
414.221645,79,1012.169574
670.171378,147,1013.751091
385.261934,74,1014.306794
635.087856,144,1015.890084
429.848546,84,1016.912133
737.92562,145,1018.481206
248.284756,57,1019.033689
274.392635,63,1019.576
558.023273,125,1021.412953
279.045444,56,1022.3981
592.733046,132,1023.518104
430.238087,86,1024.546278
318.010188,65,1025.108071
306.347991,66,1026.103231
512.327167,120,1027.195934
469.862329,90,1028.235579
400.65998,77,1028.814182
622.376495,121,1030.344445
606.30232,120,1032.369748
538.861876,121,1033.920223
367.372905,72,1034.473017
493.655912,109,1035.542155
717.805923,140,1037.111943
640.390792,128,1038.665746
537.727273,111,1039.748727
415.644827,82,1040.321814
630.15836,143,1041.902181
668.089084,128,1044.366046
934.061688,184,1046.007277
481.602518,94,1047.053112
500.698858,99,1048.106809
335.72409,64,1049.09938
516.415909,100,1050.14903
444.127084,89,1050.75807
434.724672,100,1051.812407
479.853159,109,1053.316409
291.120468,66,1053.881375
445.333975,93,1055.647374
368.702598,72,1056.201815
372.868303,92,1057.227743
477.829198,111,1058.28628
593.465695,118,1059.780736
458.707507,88,1060.368542
426.057254,83,1061.372345
487.560941,109,1062.423225
878.51012,182,1064.47287
419.800492,86,1066.331686
588.526253,128,1067.413106
715.707896,145,1068.974867
548.593889,112,1070.031894
468.555652,90,1071.053919
312.774532,61,1071.594696
298.731162,57,1072.125057
729.513189,147,1073.677035
346.978775,67,1074.662811
282.953943,64,1075.202168
504.411791,101,1076.249922
336.846856,71,1077.66047
352.407946,78,1078.664355
506.228104,106,1079.705811
384.976495,85,1080.716349
280.842754,69,1081.26841
342.273152,72,1082.254908
291.377165,66,1082.801834
297.144834,72,1083.361189
345.865701,79,1084.365786
292.397768,66,1084.91699
447.478028,89,1085.938104
264.16913,56,1086.467087
404.436655,81,1087.475617
280.770667,61,1088.485487
326.646132,72,1089.04524
285.284943,62,1090.011899
385.20641,77,1090.583433
624.517401,136,1092.117039
347.551147,70,1092.672924
274.301545,55,1093.198449
313.671456,62,1094.170945
222.105763,45,1094.677659
441.087739,91,1095.265088
469.498828,99,1096.303229
451.328453,94,1097.341089
418.473015,82,1098.348999
419.282108,93,1099.965194
167.012349,36,1100.460119
231.461357,51,1100.982853
308.142108,64,1101.52908
298.15472,62,1102.063986
265.052774,55,1102.593714
273.301584,54,1103.119877
301.322905,58,1103.653218
270.047862,54,1104.174674
449.607454,86,1105.18295
225.94129,46,1105.696206
376.698176,78,1106.694299
301.394371,63,1107.227227
445.218994,90,1108.249714
303.59937,64,1108.792246
325.506504,77,1110.31407
385.431081,92,1110.90924
167.362441,35,1111.3999
387.126005,80,1112.406909
320.462561,63,1112.944167
441.440998,85,1113.949672
339.110584,68,1114.49381
434.828368,86,1115.507651
474.411891,94,1116.543346
591.580071,117,1117.614028
649.61721,142,1119.15605
560.337874,121,1120.232715
508.224872,104,1121.897231
494.53066,96,1122.933347
647.677073,125,1124.452068
349.543365,76,1125.01136
433.426588,85,1126.031442
470.532337,96,1127.067209
375.141491,87,1128.086869
684.110818,137,1129.199914
466.335667,106,1130.250196
434.056257,88,1131.26417
484.249678,97,1133.142873
549.018209,111,1134.257993
744.019231,161,1136.270946
585.952679,117,1137.336748
301.141415,71,1137.896293
578.942279,138,1139.437335
655.850316,148,1140.992706
460.119889,97,1142.023187
348.709847,80,1143.624984
448.676885,103,1144.668304
201.391714,51,1145.181362
253.835249,56,1145.707591
309.277107,72,1146.25896
409.611772,82,1147.265472
489.567441,112,1148.323622
432.556046,100,1149.351487
248.218013,60,1149.887025
180.889388,42,1150.390763
354.887647,86,1151.398589
509.78462,101,1152.441182
528.387569,105,1153.479717
419.568765,94,1155.086238
300.019238,69,1155.630039
352.68616,83,1156.638305
204.46117,48,1157.153464
227.809302,55,1157.680332
225.982432,56,1158.210575
350.127738,82,1159.215164
299.267046,71,1159.771664
508.442745,119,1161.275616
722.744602,155,1162.859196
347.145374,76,1163.419865
380.366137,84,1164.430728
573.67075,120,1166.24456
596.743711,120,1167.750096
371.553386,74,1168.305622
468.139758,96,1169.33733
624.758739,126,1170.868957
505.18863,105,1171.920827
333.428334,80,1172.498275
457.71948,104,1173.551762
591.226063,123,1175.068889
324.178055,67,1175.620337
446.935377,92,1177.600158
716.866603,147,1179.154559
372.530073,85,1180.158862
444.806341,91,1180.748114
874.663316,179,1182.791687
382.677816,74,1183.781322
297.289006,62,1184.312129
378.988276,77,1184.880689
559.093935,122,1186.383335
389.564785,85,1186.956666
357.661517,71,1188.928014
395.801872,81,1189.515178
269.656822,57,1190.473507
437.937909,100,1191.517946
418.306836,81,1192.088384
302.305339,63,1192.631393
331.943282,73,1193.616409
521.449511,113,1194.670537
496.446398,103,1195.728428
406.519292,91,1196.748333
333.949934,66,1197.293945
334.428954,70,1198.285205
431.49872,87,1200.210233
353.457976,78,1200.780468
422.634435,95,1201.811429
650.074888,132,1203.340766
328.174605,65,1203.88618
342.625954,79,1204.891709
393.423328,88,1205.479957
313.047035,70,1206.463295
572.16837,117,1207.53528
538.751744,124,1209.046574
368.353992,81,1209.617821
557.67318,124,1211.957872
593.311967,121,1213.03677
325.345641,69,1213.590123
354.834363,75,1214.582349
300.84827,65,1215.121027
328.876435,64,1215.661786
678.301485,148,1217.211192
382.561793,76,1218.212145
677.086397,138,1219.743865
799.132162,162,1221.979054
320.551204,75,1222.543992
423.537264,84,1223.55466
424.359389,99,1224.593202
484.235752,114,1225.650717
693.324569,155,1227.648532
502.528117,98,1228.252887
390.813014,83,1229.264852
465.312806,101,1230.298386
412.315883,81,1231.298687
468.731708,87,1232.942969
428.328475,99,1233.552583
508.897575,114,1235.05828
380.580566,86,1235.627344
271.444089,58,1236.584549
458.751273,104,1237.625547
443.218106,88,1238.209002
549.633884,127,1239.726386
552.653797,109,1240.786574
536.628844,108,1241.833656
405.023208,86,1242.844333
379.069752,93,1244.470844
312.765524,66,1245.012907
510.749865,112,1246.498866
445.310882,98,1247.102355
340.037908,81,1248.098354
438.245272,87,1249.111581
936.017177,197,1251.189204
536.085435,123,1252.267828
273.210677,66,1253.2443
275.785026,65,1253.795166
300.082996,62,1254.938551
507.972986,108,1255.987746
359.169372,83,1257.001981
395.558937,89,1258.024752
385.764821,86,1258.608791
268.422111,65,1259.586328
358.090823,86,1260.164415
409.209137,86,1261.174695
452.255158,93,1262.188879
507.631573,102,1263.224319
358.219089,82,1264.234114
440.261472,96,1265.891256
314.942568,71,1266.448165
430.106079,98,1267.484935
647.488264,145,1269.049246
615.385728,127,1270.136333
512.985429,104,1271.619576
285.785237,58,1272.144315
584.389076,124,1273.218818
389.98784,91,1274.239911
407.502953,89,1275.25753
524.641964,115,1277.192688
418.041715,82,1278.207881
364.587452,74,1278.770319
387.738621,77,1279.769235
460.656389,105,1280.815619
304.002863,63,1281.351703
541.256067,116,1282.420123
384.324711,77,1283.420578
337.9935,78,1283.993
329.256778,73,1284.982593
373.930147,73,1285.53819
301.826155,64,1286.515357
259.70363,63,1287.059704
384.814986,84,1288.753335
410.01363,81,1289.325478
488.435494,97,1290.354896
562.888203,120,1291.855046
469.831536,89,1292.437652
579.67122,118,1293.946791
318.084909,78,1294.511104
530.874363,103,1295.54703
359.721335,70,1296.52953
193.048153,40,1297.026185
535.440969,105,1298.08035
424.09245,85,1299.421627
413.35879,87,1300.433279
681.175147,141,1301.98276
335.563321,63,1302.519012
411.566444,96,1303.557409
674.693325,147,1305.121879
353.857132,83,1306.135952
499.674894,119,1307.208284
284.004872,54,1307.731204
309.376384,61,1308.265827
373.077368,77,1309.265465
425.312832,100,1311.120184
400.737204,77,1311.684129
498.257599,98,1312.723362
1185.153932,255,1315.868263
404.007014,89,1316.452079
812.081989,174,1318.488035
458.907274,107,1319.549105
338.508128,74,1320.111953
834.682628,192,1322.953719
484.779345,113,1324.027688
253.476477,56,1324.995126
286.463664,71,1325.55322
486.199969,113,1326.623093
500.274981,98,1327.657362
451.677542,88,1328.681578
345.403233,84,1329.695073
426.448814,87,1330.27712
521.945775,107,1331.768564
238.900745,60,1333.09233
282.931482,68,1333.642785
568.845514,130,1335.169154
500.604103,113,1336.235418
558.822307,115,1337.299064
460.930239,95,1338.330087
492.13509,98,1339.364412
469.709669,94,1340.399963
366.776902,88,1341.424419
523.497174,118,1342.504528
689.558046,138,1344.851705
364.184054,83,1345.866922
596.884953,140,1346.988179
385.71239,86,1348.004904
383.644937,86,1349.023442
390.712069,91,1350.05047
463.869898,104,1351.102433
298.373453,68,1351.652293
446.519095,102,1352.700176
481.907444,96,1353.730953
692.89637,134,1356.145042
440.536543,98,1357.184427
523.903615,105,1358.236157
339.399185,73,1358.793108
618.167726,122,1360.307614
563.142959,109,1361.368201
242.47959,51,1361.894206
293.612872,60,1362.429338
289.951744,57,1362.95414
469.28947,94,1363.976414
236.08845,50,1364.491668
250.914789,51,1365.009349
358.103779,74,1366.879404
273.645792,64,1367.421762
286.341414,67,1367.967987
422.003607,94,1368.997022
502.837071,116,1370.080989
371.184058,77,1371.07021
663.726916,135,1372.600944
412.205722,81,1373.176063
303.757774,73,1374.172727
357.04088,73,1374.722271
344.024362,82,1375.728727
482.451647,111,1376.78324
693.255431,138,1379.191191
662.959876,145,1380.745973
457.992347,96,1381.778364
634.173842,124,1382.850798
525.937924,106,1383.902206
610.403932,135,1385.440249
621.251787,126,1386.524753
458.806972,97,1387.557922
393.331575,78,1389.525021
421.446562,99,1390.558969
475.317249,98,1391.599202
565.985618,115,1392.6598
238.475119,60,1393.192609
492.319877,108,1394.670912
524.697378,120,1395.75404
423.270642,84,1396.759826
321.919867,67,1397.300984
501.344575,97,1398.331313
500.695049,118,1399.403717
570.661293,130,1401.650351
382.790521,76,1402.205375
510.469088,118,1403.717068
540.206649,109,1404.769018
422.38625,81,1405.767229
582.5633,131,1406.859676
404.08001,85,1407.871455
462.60805,105,1408.909158
423.708521,94,1409.946424
581.349569,128,1411.627965
380.048358,77,1412.622534
422.398549,84,1413.629027
359.522274,76,1414.195205
299.300642,71,1415.183651
310.949135,72,1415.735119
535.401292,106,1416.78956
367.28511,70,1417.777627
597.559323,117,1418.859933
304.206593,73,1419.424947
857.563612,181,1421.4893
649.893388,133,1423.763359
414.761757,97,1424.798976
551.2676,112,1425.86607
495.632717,97,1426.902872
456.465669,91,1427.92725
449.701254,89,1428.514074
372.792941,76,1429.511784
360.741403,69,1430.068553
469.058321,94,1431.102559
515.841091,101,1432.139865
366.319774,80,1434.050053
278.381422,62,1434.589215
354.071964,71,1435.145769
453.75816,108,1436.627528
382.574442,92,1437.228176
370.588074,86,1438.248235
435.448977,92,1439.280547
449.904239,92,1440.308845
583.298795,125,1441.396278
623.362302,131,1442.93532
379.469612,90,1443.955699
431.339826,85,1445.425093
407.156723,91,1446.451796
411.031023,92,1447.47109
265.018999,64,1448.014091
508.928937,107,1449.066936
468.014161,99,1450.104688
427.166988,95,1451.13731
341.843904,79,1452.146135
349.375691,71,1452.706134
501.926787,116,1454.2194
329.172355,67,1454.773282
459.646352,100,1456.730703
499.301422,114,1457.790926
397.343761,80,1458.800261
465.335067,109,1459.861143
317.607247,75,1460.864163
419.027511,96,1461.891923
436.229597,94,1462.486826
409.500576,93,1463.51305
462.946988,101,1464.554089
350.880536,76,1465.552086
671.328809,133,1466.645785
769.158911,169,1469.676133
774.333699,157,1471.266671
468.048312,108,1472.327589
379.007125,74,1473.325455
371.105094,78,1473.890928
583.980387,124,1475.41275
409.85153,94,1476.432768
275.233939,62,1476.973989
554.212496,111,1478.041389
559.583849,127,1480.544653
511.909699,101,1481.590321
367.083638,89,1482.181863
374.090817,78,1483.180729
460.712288,88,1484.199357
549.895145,126,1485.290858
715.281904,163,1486.869833
595.262233,127,1488.38267
287.640836,67,1488.939708
634.142277,147,1491.34716
741.227184,150,1492.929967
340.525642,66,1493.989912
452.823409,96,1494.589355
248.406331,59,1495.570898
337.703267,66,1496.117971
365.055886,74,1496.6856
696.243784,154,1498.702223
443.603588,96,1499.302744
243.83317,57,1500.284169
562.088447,118,1502.103344
288.281169,69,1502.697267
290.003003,71,1503.700433
482.297332,110,1504.768981
470.533326,108,1505.840333
284.395978,61,1506.386831
535.928057,120,1507.919881
382.921178,75,1508.485759
638.031076,141,1510.051067
251.091064,62,1510.601539
943.587884,199,1513.491988
331.014671,65,1514.484364
611.249109,137,1515.605219
305.244219,74,1516.61812
370.672715,86,1517.656054
307.041525,73,1518.225505
353.25591,81,1519.257586
310.860286,74,1519.828993
551.557191,110,1520.908646
635.506914,140,1522.480314
616.083383,122,1524.773349
884.648911,182,1526.422482
349.372869,83,1527.440001
389.297998,84,1528.465735
340.772734,79,1529.047403
209.585088,49,1529.566601
473.157287,97,1530.619059
458.918328,103,1531.676937
507.490025,100,1532.732246
434.396104,98,1533.789128
410.254555,84,1534.811861
543.816431,121,1537.012509
356.992725,76,1538.02029
448.623865,90,1538.619827
336.663899,70,1539.611743
422.013515,85,1540.626369
377.739185,80,1541.203237
364.030599,71,1542.201867
467.02416,106,1543.263532
314.078773,71,1543.817381
381.990666,83,1544.836859
666.666723,140,1546.382428
380.552949,83,1547.901599
486.455191,100,1548.93787
465.848311,103,1549.994708
286.75712,69,1550.985583
534.318513,107,1552.039158
428.39897,88,1553.062613
584.894859,119,1554.147534
535.349374,121,1555.232016
406.635802,86,1556.244051
422.768325,105,1557.308135
292.563697,72,1559.180028
552.365864,107,1560.246684
380.263721,79,1560.824038
252.805844,54,1561.352989
468.26945,104,1562.852251
279.04258,57,1563.389997
364.016642,82,1563.984365
397.290902,79,1565.006465
390.470108,76,1565.584055
322.651273,70,1566.583392
364.239882,83,1567.158988
545.998027,123,1568.694624
619.936991,124,1570.485359
359.221206,74,1571.490823
312.941965,71,1572.044918
547.237285,123,1573.570402
555.011834,126,1574.677161
341.916062,66,1575.669473
391.860357,81,1576.253384
364.798874,77,1577.271319
430.336776,100,1578.326512
760.118393,166,1579.922266
754.966233,149,1582.374422
541.317432,110,1583.447064
581.093978,115,1584.954247
444.580358,86,1585.54269
468.797843,94,1586.576705
573.024112,114,1587.656316
439.129784,91,1588.688084
326.159426,73,1589.685239
387.35437,85,1590.277107
546.882267,125,1591.829329
627.400154,123,1593.993275
496.000404,114,1595.516316
392.469686,82,1596.097442
513.293047,104,1597.156112
592.890015,135,1598.687757
512.840526,120,1599.769277
544.719361,123,1601.276016
544.642967,125,1602.357376
515.134868,103,1603.404326
540.157703,105,1606.102872
569.835509,129,1607.195163
437.422443,98,1608.22401
419.69498,85,1609.230163
329.592274,66,1609.770377
405.999523,95,1610.818244
373.072592,75,1611.80409
407.464502,88,1612.396596
325.193578,76,1613.392838
555.325822,123,1614.474385
403.330261,89,1616.523269
443.782359,97,1617.552071
578.658581,119,1618.621359
573.788244,121,1620.123391
539.806591,114,1621.188798
262.662471,62,1621.725226
391.720768,92,1622.751932
380.182796,83,1623.754766
413.300108,94,1624.785855
578.014828,119,1625.854566
368.898724,73,1628.10041
867.410129,193,1629.736457
517.261284,118,1631.243246
349.098012,70,1631.788918
538.026372,109,1632.837752
498.393837,100,1633.877773
663.320491,146,1635.434841
395.764623,78,1636.433465
450.645772,97,1637.46519
430.738965,99,1639.33771
595.185084,124,1640.415293
402.903689,87,1641.433219
288.619189,60,1641.970319
312.881754,65,1642.511441
289.854888,60,1643.479082
245.427373,50,1643.996986
992.899116,215,1646.11448
350.356204,70,1646.665163
357.505699,76,1647.6598
457.995719,101,1648.702676
432.683888,91,1650.51403
414.416129,89,1651.528155
399.140864,83,1652.097892
253.900673,54,1652.622519
622.278954,125,1654.149681
526.733638,109,1655.198515
142.77465,32,1655.681878
142.837761,32,1655.732367
169.883729,38,1656.227365
487.1703,98,1657.259731
435.72754,91,1658.281212
417.126083,88,1659.291827
481.293305,96,1659.888881
411.666812,92,1661.79633
380.339177,83,1662.795635
403.249449,80,1663.790661
636.239001,133,1664.8714
466.235895,95,1665.902889
484.632025,99,1666.941913
184.585529,42,1667.446197
390.653122,90,1668.463218
335.711059,71,1669.010083
182.160652,42,1669.514291
509.011743,104,1670.567193
204.980469,45,1671.072038
557.441394,122,1673.016104
463.677707,107,1674.562045
448.84304,93,1675.172783
185.471452,40,1675.670243
494.483943,105,1676.762447
230.676158,51,1677.281224
777.332849,167,1679.345543
648.825018,143,1680.922409
281.879793,57,1681.451804
510.472511,97,1682.496444
678.871776,137,1684.532371
322.954041,64,1685.526366
449.442031,88,1686.12729
389.981536,82,1687.149863
460.647491,100,1688.205263
411.960154,83,1689.238118
529.581822,110,1690.310136
628.333655,121,1691.413258
414.686106,95,1692.466054
402.314013,81,1693.496772
739.093981,151,1696.027438
406.297226,92,1697.072779
405.519968,84,1697.647249
241.708946,54,1698.191549
241.605518,53,1698.730917
620.801471,122,1700.273834
463.609634,92,1701.329159
382.459207,80,1701.917975
479.69947,93,1702.971009
378.426537,75,1703.988943
422.608464,84,1704.571141
562.412242,113,1706.109819
368.332079,75,1707.426969
467.145535,91,1708.475574
349.714575,77,1709.491936
475.440057,99,1710.55631
481.078331,101,1711.607146
475.435725,92,1712.21266
474.187885,109,1713.749434
345.868346,69,1714.297108
473.718521,93,1715.338843
625.506037,143,1716.93025
386.221822,78,1717.497774
356.128492,82,1719.422149
337.670236,80,1720.0097
440.380399,98,1721.064195
581.844156,125,1722.591688
326.518661,67,1723.155984
616.91712,136,1724.736298
369.596279,85,1725.773566
316.794011,65,1726.313694
267.191753,56,1726.852245
577.251189,130,1728.401054
585.318433,121,1730.404282
439.122092,90,1731.445913
667.677902,136,1733.016349
400.380338,82,1733.586161
419.960157,98,1734.646161
582.058403,134,1736.224128
357.488608,73,1736.801154
614.680348,126,1738.325004
319.842817,70,1738.896444
184.525439,42,1739.400466
460.91924,103,1740.465126
253.445004,54,1741.732306
594.919731,114,1743.24915
391.031513,76,1743.822547
537.46205,122,1745.358534
478.41823,99,1745.979636
463.614615,100,1747.042762
447.712209,93,1748.083984
427.200185,85,1749.114984
473.62421,95,1750.165461
426.306425,99,1751.225281
233.404347,50,1751.762045
592.414523,124,1753.738156
403.346787,85,1754.746275
587.150106,119,1755.807713
249.651587,54,1756.762297
617.322581,140,1757.869235
347.719533,76,1758.872622
323.766547,70,1759.421589
316.661765,66,1760.397824
272.877865,61,1760.938437
391.721159,81,1761.512096
441.35708,92,1762.53362
542.930123,118,1765.212139
1014.542267,226,1767.35229
247.986842,54,1767.877222
492.930288,104,1768.926843
259.812902,58,1769.465222
332.731299,77,1770.470465
567.340307,130,1772.002264
372.275737,77,1772.56354
560.227165,115,1773.637441
293.107765,66,1774.619353
259.46173,56,1775.760734
344.835814,78,1776.33178
464.760869,94,1777.350586
528.768571,113,1778.833794
298.342842,68,1779.376065
387.873145,93,1780.405453
560.727839,114,1781.463609
637.662004,134,1782.994288
486.399357,104,1784.041431
291.424938,67,1784.585193
317.538879,73,1785.578212
581.293548,123,1787.701787
493.801634,101,1788.741234
384.843819,86,1789.75415
543.724044,110,1790.812277
459.47859,93,1791.84071
392.294574,84,1792.863669
326.096259,74,1793.425189
304.656603,62,1793.965689
426.575252,85,1794.973999
317.65598,74,1795.968311
269.232293,60,1796.502337
208.224017,50,1797.015945
266.458616,60,1798.338389
540.332305,110,1799.402408
671.179071,134,1800.927598
399.172137,91,1801.950072
343.178155,81,1802.527435
420.972037,97,1803.562902
397.262633,92,1804.59437
340.392584,76,1805.584683
418.424651,82,1806.150117
476.924138,100,1807.180815
392.546513,85,1808.188354
391.318434,77,1809.765727
656.642551,135,1811.29137
526.686242,107,1812.344715
424.508303,96,1813.376829
581.359296,118,1814.875465
722.778231,153,1816.444851
425.844096,95,1817.039924
994.241025,214,1819.5982
311.951549,64,1820.917434
846.681863,169,1822.507737
461.317792,104,1823.983379
513.959561,107,1825.035755
601.587535,135,1826.146917
393.282278,84,1827.152153
425.469371,97,1828.191847
426.701639,86,1829.20421
461.462013,98,1830.244573
519.240764,115,1832.338445
486.120096,101,1833.39505
608.86497,130,1834.919163
494.634065,101,1835.964755
524.338047,123,1837.028438
473.180263,111,1838.084018
572.670794,119,1839.579253
667.879017,135,1840.665437
560.208327,129,1842.192247
575.524342,127,1844.360065
307.026616,69,1845.345869
288.509697,58,1845.875442
420.632972,87,1846.890017
345.499347,73,1847.445254
409.825552,97,1848.482322
289.750687,70,1849.466031
376.616602,79,1850.040198
501.827436,112,1851.110795
574.973099,120,1852.630673
477.559805,95,1853.727427
490.984007,113,1855.748229
389.268784,87,1856.761701
288.113987,61,1857.296191
265.885979,58,1857.831422
446.66395,103,1858.883317
299.196238,71,1859.870977
309.862659,73,1860.428524
313.613442,69,1860.976805
355.252307,84,1861.995893
487.407897,111,1863.068103
422.730375,98,1864.103087
439.710814,102,1865.154878
611.564712,126,1867.590163
469.746534,96,1868.617239
502.623076,109,1869.676132
198.67658,48,1870.194857
368.178378,87,1871.214285
349.189282,83,1871.797392
495.386203,114,1873.282689
204.428864,45,1873.35584
367.713973,84,1874.366298
161.340912,39,1874.860652
213.210812,51,1875.382081
421.570351,99,1876.423298
320.993714,66,1877.705026
428.581222,88,1878.725702
592.864057,136,1880.258418
300.199284,68,1880.811136
809.655119,164,1882.399808
404.733733,92,1883.428928
302.114046,62,1883.964882
403.179718,83,1884.973142
283.076826,57,1885.506743
532.945607,126,1887.032349
535.711977,105,1888.920781
584.170477,117,1889.992656
353.003363,72,1890.986178
440.608782,95,1892.01461
573.644741,113,1893.073603
656.4391,144,1894.626782
667.197178,147,1896.177323
484.275884,106,1897.2293
564.597698,118,1898.289773
490.314942,98,1900.224209
840.959218,174,1902.265201
511.174227,118,1903.336053
450.59355,95,1904.358181
495.536438,113,1905.407277
486.715058,100,1906.444557
244.680137,51,1906.968702
183.674977,45,1907.47788
464.360867,103,1908.5249
397.437057,84,1909.541078
195.817133,47,1910.049554
663.923817,127,1912.194182
303.676545,65,1912.744794
516.861039,105,1914.228593
476.746272,92,1914.823501
417.735083,80,1915.824614
345.469593,70,1916.382192
407.979535,81,1917.400886
250.354455,54,1917.922896
394.776987,81,1918.93421
602.594344,142,1920.481841
370.098443,81,1921.061531
264.64322,54,1921.581199
326.4539,67,1923.44703
445.616377,97,1924.480873
567.899233,125,1925.559679
493.219174,102,1926.600763
484.65819,97,1927.632724
369.512283,85,1928.65226
335.904336,67,1929.201992
339.454032,80,1930.202652
387.731511,88,1930.795625
683.954423,149,1932.363326
479.799638,108,1934.546689
249.078713,56,1935.074349
359.016719,80,1935.64724
253.118816,54,1936.171529
463.07749,114,1937.677655
413.683552,86,1938.253677
348.813881,82,1939.271013
544.446282,112,1940.334029
384.283187,77,1941.335124
442.917632,90,1942.361317
339.520478,77,1942.928076
369.094597,77,1943.922134
125.14336,27,1943.963656
526.196721,117,1946.085032
492.334131,106,1947.153287
308.898134,72,1947.711724
294.411703,69,1948.264184
414.926951,89,1949.286654
351.315167,77,1950.28274
442.767689,87,1951.296037
453.199363,91,1951.884292
294.6148,68,1952.868469
221.600461,55,1953.38831
446.7819,88,1954.403024
235.357797,56,1954.929086
351.60589,80,1956.257947
313.730195,75,1957.250909
324.007952,72,1957.803443
381.424047,74,1958.800725
118.211982,27,1958.842246
222.485174,52,1959.358046
725.663698,149,1960.926777
394.343294,79,1961.935158
359.08786,74,1962.492669
787.52613,160,1964.50088
429.024683,88,1965.089605
443.066432,94,1966.120162
612.849679,137,1968.698823
274.943919,67,1969.233991
515.246957,112,1970.7388
368.731947,74,1971.299065
465.7709,92,1972.323291
389.091199,85,1973.32663
299.699474,68,1973.881684
255.393853,51,1974.405441
383.762103,77,1974.972912
380.527858,88,1975.996019
478.934837,100,1977.042778
292.530569,59,1977.581415
409.416444,85,1979.285342
541.623181,108,1980.352906
519.625959,114,1981.841735
307.464564,65,1982.384905
314.262555,67,1982.938361
281.218609,62,1983.479271
410.814573,85,1984.490822
151.522637,35,1984.981185
587.090785,125,1986.051906
351.919352,80,1987.055405
703.026905,142,1988.606059
485.903604,113,1990.517962
375.756978,86,1991.538563
301.934693,71,1992.092655
431.296217,97,1993.126568
539.318452,108,1994.175939
582.859472,133,1995.700339
421.532655,84,1996.704713
678.839247,137,1997.811702
654.287693,147,1999.374114
373.661236,82,2001.201285
391.721749,77,2001.770078
259.780199,53,2002.728362
418.525469,96,2003.333302
427.232702,99,2004.377577
397.181828,86,2005.391201
486.802046,100,2006.433914
631.255978,143,2007.992561
290.16943,67,2008.544079
395.266297,94,2009.578369
262.718471,53,2010.100104
536.159053,102,2011.145106
825.770071,165,2014.218926
395.844993,80,2014.786352
504.236247,106,2015.831442
504.273049,98,2016.87526
367.53185,73,2017.872056
533.741483,106,2018.924576
408.584507,85,2019.941049
507.145461,118,2021.013134
550.654091,115,2022.085555
463.785516,98,2024.266433
501.380211,113,2025.332715
481.95875,93,2026.372298
516.481937,115,2027.877002
319.360872,65,2028.425143
261.672777,55,2028.953637
429.084133,89,2029.983603
439.339897,105,2031.045086
489.180188,100,2032.099126
435.602218,96,2033.175306
595.951374,129,2034.331317
413.576632,86,2036.2367
518.88523,110,2037.298695
391.001947,77,2038.310855
352.011851,73,2038.867027
479.876045,98,2039.898999
755.233292,166,2041.9299
392.928731,89,2042.521869
395.587759,81,2043.535774
642.216244,126,2045.053456
303.284882,65,2045.598703
636.035336,128,2047.621671
378.178833,89,2048.648767
377.965139,85,2049.673399
408.784154,94,2050.714165
498.333786,111,2051.779397
757.32142,169,2053.391902
423.733618,97,2054.439798
621.535162,129,2055.979115
572.881048,121,2057.062802
461.149298,101,2058.835753
248.298602,59,2059.373562
336.601521,79,2060.390452
312.822887,74,2061.386537
211.429974,49,2061.899572
388.229075,90,2062.493097
290.482597,64,2063.476058
228.778688,49,2063.999315
363.112084,78,2064.570791
345.206743,72,2065.568918
464.207973,95,2066.173266
494.148325,108,2067.687657
344.249349,77,2068.258391
539.678106,117,2070.881032
499.232187,109,2071.949683
417.464873,85,2072.538035
492.648628,106,2074.033613
545.520844,123,2075.123604
514.110674,102,2076.173362
298.893222,62,2076.710016
413.159578,89,2077.729908
349.921746,74,2078.731613
152.737771,35,2078.787341
985.385291,218,2082.282425
439.372611,103,2083.34799
746.179823,161,2084.947114
392.861942,93,2085.983036
306.337462,68,2086.542789
321.665625,74,2087.551642
449.108099,98,2088.598809
341.379572,83,2089.185104
314.949735,73,2090.184458
187.857218,42,2090.25531
362.251386,77,2091.27695
501.622779,111,2093.082949
444.365116,94,2094.11617
791.976164,167,2095.733043
237.974837,53,2096.694576
484.999531,97,2097.29759
311.063103,75,2098.306917
308.917163,74,2098.874334
343.723864,79,2099.879798
420.108339,95,2100.916342
326.517436,75,2101.475917
501.13003,112,2103.751236
254.863608,58,2104.282642
312.564531,69,2104.836033
1110.442669,241,2107.445237
267.666082,62,2107.985184
274.213994,63,2108.961178
444.573382,96,2109.560662
434.762032,109,2111.063351
454.084412,105,2112.112977
539.552854,120,2113.188123
400.222687,95,2114.851071
198.620772,46,2115.365639
504.773484,108,2116.420934
272.710736,58,2116.962574
443.531233,94,2117.997178
636.431137,138,2119.552267
379.045643,85,2120.573133
304.618314,65,2121.120903
315.73953,67,2121.6734
221.577098,55,2122.20511
218.171205,53,2122.73169
112.339473,26,2123.208372
317.177541,68,2123.764681
478.777912,107,2124.833323
536.872378,123,2127.342809
420.979298,90,2128.375256
365.550321,87,2128.965724
410.688563,91,2129.999913
348.004817,76,2131.004934
255.559068,57,2131.537418
605.574387,132,2133.084162
499.090682,113,2134.147803
256.355951,58,2134.680593
342.995561,78,2135.676925
384.538093,85,2136.256967
292.972198,66,2138.233598
482.48701,110,2139.287201
332.479615,71,2139.839191
856.081372,176,2141.881293
545.959973,117,2142.949895
461.420113,103,2143.99688
376.759954,85,2145.009391
415.401184,92,2146.032251
362.634448,82,2146.607439
613.475996,129,2148.578088
135.2115,33,2148.633676
271.207992,66,2149.61091
125.234381,30,2149.659812
166.119266,40,2150.160975
310.159726,76,2151.167109
155.230601,37,2151.2273
493.761051,108,2152.702811
340.82005,80,2153.267995
359.77402,77,2154.268969
419.459786,99,2155.309067
433.230182,86,2155.892031
482.030829,99,2156.932917
535.82717,121,2158.441613
172.016187,41,2159.911323
318.848516,72,2160.46266
546.601697,127,2161.982193
282.215434,64,2162.524691
417.911527,95,2163.556822
196.124308,46,2164.063142
281.993973,68,2164.607244
447.910588,102,2165.652471
459.938702,98,2166.681572
677.019882,136,2168.209702
531.449944,123,2169.284298
572.386518,117,2171.62864
127.127715,30,2171.674715
346.408723,73,2172.661665
342.407782,81,2173.236205
205.769847,45,2173.739123
339.310272,78,2174.744648
395.221801,82,2175.316647
385.788771,89,2176.342824
265.107524,59,2176.871936
466.784054,97,2177.898188
489.947787,99,2178.933009
360.446305,85,2179.951871
486.797294,99,2180.98596
477.91243,107,2182.987451
517.624313,106,2184.031417
799.031815,171,2186.051035
215.121072,47,2186.558687
540.160403,112,2187.610355
411.840272,86,2188.614618
601.014596,121,2189.67897
191.318009,41,2190.176091
329.114832,67,2190.723569
269.383764,56,2191.252661
457.664396,94,2192.278541
467.076699,91,2194.184244
482.697725,104,2195.231831
786.422264,159,2196.814076
624.002668,120,2198.32178
419.526706,86,2198.901418
491.178151,96,2199.924446
550.118156,113,2201.418143
377.018529,78,2201.985987
344.741684,83,2203.000643
395.310549,90,2204.816216
320.095784,75,2205.379336
431.103934,99,2206.427177
789.9393,164,2208.015249
188.185942,41,2208.513656
444.827451,96,2209.537846
401.339309,89,2210.559951
814.479573,166,2212.14536
510.372236,122,2213.726576
562.845187,111,2214.800046
447.410977,87,2216.868686
656.343737,128,2217.95213
366.191986,72,2218.941868
618.80794,120,2220.011221
390.871836,83,2221.020677
538.136447,110,2222.072967
343.873376,74,2222.635112
409.999698,85,2223.65161
539.67369,112,2224.711253
382.725211,76,2225.708633
532.445122,124,2227.809167
354.59417,70,2228.801162
581.129988,129,2229.899138
304.035825,65,2230.875189
453.441666,93,2231.466282
511.479998,106,2232.511136
450.216369,91,2233.526358
556.423236,118,2235.023216
681.715926,153,2236.593729
289.953511,71,2237.149292
511.102959,107,2239.50216
425.671309,92,2240.527452
371.478706,87,2241.540255
775.325509,172,2243.149512
579.48721,118,2244.651458
565.863274,116,2245.720464
830.796813,183,2247.77842
383.725578,82,2248.356474
367.869012,83,2249.366612
800.638017,172,2252.310828
319.774959,76,2253.303985
505.07433,113,2254.363127
400.299821,92,2255.39145
429.44191,93,2256.416893
558.745109,127,2257.504293
741.379755,162,2259.525139
443.572936,95,2260.54725
309.125085,71,2261.095837
526.97305,103,2263.18634
580.675529,129,2264.706305
580.906392,115,2265.776665
401.099611,77,2266.34517
423.567913,91,2267.364721
330.107122,74,2268.365832
338.583434,71,2268.922267
445.774104,98,2269.956144
231.606739,48,2270.466538
160.516447,34,2270.955406
634.227317,129,2272.047718
720.319899,167,2275.053122
1042.457308,214,2277.1461
667.464989,150,2278.70541
433.155401,102,2279.751858
725.201957,146,2281.295529
544.02707,124,2282.381161
600.198991,122,2283.881902
367.058094,80,2285.461977
619.336586,125,2286.97117
498.375479,116,2288.064782
485.030362,104,2289.131765
578.65128,129,2290.674304
622.081739,142,2292.243864
535.612353,121,2293.339275
366.305252,89,2294.385002
473.193977,107,2295.452685
416.392605,87,2297.518323
451.864297,97,2298.566973
619.708494,141,2300.159967
438.461875,85,2300.757419
255.909228,54,2301.279812
242.159106,52,2301.813788
245.514323,53,2302.334011
359.124569,87,2303.365165
533.900055,115,2304.889098
514.015212,114,2305.970958
547.150211,125,2307.069349
258.335854,57,2308.818331
297.963591,69,2309.819626
517.740997,104,2310.880332
289.627425,63,2311.421433
402.737424,90,2312.465989
586.180648,125,2313.572944
735.237017,168,2315.636445
669.636757,155,2317.245708
628.960178,130,2318.811708
274.502247,60,2320.390418
519.619143,109,2321.4619
676.730272,134,2323.021178
673.388373,148,2324.602752
215.655177,49,2325.133089
733.24618,165,2326.766071
492.951786,99,2327.823238
368.804159,83,2328.397298
407.07001,83,2329.422045
528.602365,122,2332.024184
362.257893,76,2332.586913
356.794657,72,2333.590392
520.099418,103,2334.643475
616.823143,123,2335.755191
401.083913,98,2336.806831
369.500427,82,2337.826533
580.168527,115,2338.896091
262.521361,61,2339.430101
573.320899,122,2340.97219
678.661758,134,2342.08529
556.191586,124,2344.786912
390.207865,80,2345.352628
420.127534,87,2346.386737
418.662506,80,2347.40974
608.241997,128,2348.521982
750.728918,172,2350.597887
643.379053,124,2351.72014
686.789225,155,2353.32532
670.493488,150,2355.92367
571.67417,127,2357.459953
470.141449,101,2358.521558
314.960033,71,2359.090161
446.428305,90,2360.135723
363.390946,74,2361.139104
486.240366,106,2362.207574
535.5246,110,2363.273877
448.035669,89,2364.305798
483.21023,98,2365.354251
664.913716,133,2367.63913
631.76087,143,2369.241168
612.892185,134,2370.783286
463.440329,90,2371.800281
1098.765542,225,2373.928179
697.604511,162,2375.52343
492.563761,106,2376.566984
678.038241,133,2378.983267
547.456618,124,2380.507161
575.069735,122,2381.583968
323.858558,77,2382.583529
538.729028,111,2383.639951
342.424148,73,2384.194157
615.970446,126,2385.708991
519.771793,120,2386.77912
541.992689,109,2387.843344
392.499285,92,2389.945988
314.47715,72,2390.941471
715.648528,149,2392.501467
451.359681,105,2393.612985
585.983527,119,2394.704671
486.941167,104,2395.745333
790.228206,165,2397.323012
392.242217,88,2398.337206
267.756559,62,2398.86623
540.688741,112,2401.186145
275.972314,63,2401.72172
457.630668,99,2402.739983
320.797944,78,2403.72887
465.241669,92,2404.311402
238.444042,53,2404.825634
464.690671,97,2405.845405
664.028683,132,2407.353855
243.933174,56,2407.875103
331.840623,72,2408.857856
434.248453,103,2409.907451
308.861173,64,2410.449245
499.265613,97,2412.441578
469.171993,99,2413.471559
543.055029,118,2414.534983
434.422775,102,2415.584201
171.278946,37,2416.078002
363.505203,83,2417.094794
220.658845,48,2417.608106
302.490375,65,2418.145902
459.379121,93,2419.172138
437.733107,91,2420.191678
316.780224,70,2420.740882
254.191189,55,2421.267704
503.497623,116,2422.340066
437.328882,91,2424.396743
350.565509,73,2425.378428
893.952702,195,2427.442111
580.053702,132,2428.540038
419.018036,94,2429.565565
596.696957,134,2431.091459
1107.017013,241,2433.682853
448.005175,102,2435.358966
236.382853,54,2435.881063
447.695157,98,2436.911529
649.092919,140,2438.020149
397.229551,83,2439.019301
469.619263,106,2440.075472
621.506917,134,2441.608423
529.906046,114,2442.657995
311.949705,69,2443.640921
309.729877,66,2444.181765
614.669888,128,2446.050201
342.958817,72,2447.041573
399.661427,88,2448.056773
474.066248,91,2448.643258
832.476077,172,2450.678714
648.010391,150,2452.256195
547.248232,121,2453.332575
523.656424,105,2454.37156
316.493725,69,2455.350955
488.390766,110,2457.614231
454.34517,101,2458.656469
262.090538,56,2459.175792
424.507519,97,2460.201171
433.054171,93,2461.218337
394.268981,79,2462.210489
183.221474,41,2462.277976
204.648263,44,2462.783263
199.873677,45,2463.285941
164.660705,38,2463.774959
144.12814,33,2464.257808
197.353059,44,2464.32689
301.625309,71,2465.315057
718.600882,148,2466.855194
474.27275,105,2468.797328
515.494517,115,2469.853664
525.69616,125,2471.379563
371.823888,88,2471.968455
439.689501,87,2472.989007
696.360739,157,2474.562613
640.825662,127,2476.094025
305.433544,65,2476.638289
520.688522,119,2478.145422
358.598639,74,2478.706128
457.80873,108,2480.792792
344.691039,80,2481.790222
320.062743,69,2482.336803
400.534357,82,2483.340987
561.181188,124,2484.423366
796.306715,174,2486.459628
783.499433,161,2488.030701
489.075656,106,2489.088618
675.120773,150,2491.59739
463.615221,104,2492.639365
658.388639,136,2494.16711
572.458797,128,2495.699362
658.77128,148,2496.821297
450.289902,101,2497.860044
385.521048,77,2498.860946
378.45753,80,2499.865308
516.948702,107,2500.909627
330.036892,75,2501.473319
926.562463,201,2504.738849
367.585876,77,2505.73243
516.466085,104,2506.778204
350.070942,71,2507.328366
703.66947,156,2508.905001
922.954407,204,2511.432838
571.413161,127,2512.52878
711.420229,160,2515.077557
616.672256,142,2516.626088
256.077119,54,2517.147618
239.492297,53,2517.668535
919.813378,188,2519.727818
570.199924,112,2520.786119
157.104374,35,2521.277062
536.141329,125,2522.373213
290.553033,67,2523.346197
716.914072,157,2525.746203
331.900305,80,2526.744001
522.992064,114,2527.804446
637.083124,128,2528.899125
476.249889,91,2529.915777
813.051247,173,2531.946319
444.939759,94,2532.965256
296.646223,62,2533.504347
487.752489,95,2534.528829
532.105266,112,2535.589368
305.945925,62,2536.952579
462.731142,90,2537.967012
555.817921,121,2539.041841
493.281273,110,2540.528787
707.037941,160,2542.105561
477.18962,110,2543.164245
388.691167,82,2544.16946
420.991098,93,2544.76461
432.123277,87,2545.775914
518.706608,118,2548.251867
239.455337,54,2548.781291
700.77681,150,2550.353089
565.350568,128,2551.440892
432.007997,95,2552.468504
304.472824,66,2553.020885
529.765406,120,2554.544872
626.60262,139,2556.082198
624.423025,131,2557.181819
688.724665,146,2559.80817
433.883469,95,2560.84082
407.28286,89,2561.85689
280.076708,60,2562.386569
819.145887,170,2563.981415
527.534539,101,2565.023532
431.06717,90,2566.040288
238.741936,53,2566.562269
522.433035,114,2568.070696
403.142614,91,2568.659285
502.448637,101,2569.700149
513.375278,114,2572.063264
381.674033,85,2572.63905
356.361012,71,2573.69329
570.568706,112,2574.785095
369.79999,86,2575.794512
392.224602,80,2576.362215
512.640014,116,2577.872019
733.229219,158,2579.433218
591.114299,123,2580.505716
515.850969,106,2582.675325
597.192063,142,2584.224189
261.59583,55,2584.746415
501.655049,113,2586.233003
757.390477,155,2587.800583
613.700438,136,2588.906197
301.533846,65,2589.882145
568.486006,131,2590.980803
339.196081,73,2591.968529
595.66239,125,2593.923694
457.507212,98,2594.956436
434.307108,99,2595.996981
313.860115,68,2596.980663
523.823968,106,2598.028857
256.754896,52,2598.549091
504.663795,108,2599.599698
306.794766,64,2600.136235
360.462331,76,2601.130754
617.810825,122,2602.198679
546.427768,124,2603.717724
441.326377,96,2605.838677
296.105009,63,2606.375986
629.589564,139,2607.924936
1165.416714,253,2610.540325
917.290355,202,2612.63139
677.502535,143,2614.171115
574.382784,123,2615.242178
430.095839,95,2617.337702
756.295103,159,2618.91335
612.94676,143,2620.463192
312.723421,68,2621.014109
542.180165,126,2622.539997
339.772826,70,2623.097213
652.411095,134,2624.625987
577.485708,109,2625.679157
458.51318,109,2626.736978
519.884495,119,2629.109683
594.410056,130,2630.206388
438.247143,89,2631.234222
308.227761,68,2631.78793
637.542357,127,2633.316327
409.176855,90,2634.338536
504.020916,116,2635.401376
355.601045,75,2636.394391
354.228162,77,2636.957121
604.166029,123,2639.335964
428.284583,91,2639.928576
723.02078,148,2641.490145
452.369919,98,2642.531052
326.016666,73,2643.518963
466.332201,99,2644.551336
634.503013,132,2645.641912
375.82767,81,2646.645968
360.282871,74,2647.633341
435.990746,95,2648.234236
294.470927,60,2649.204159
563.083599,121,2651.296666
420.390077,91,2652.314937
206.213697,45,2652.821996
255.299114,54,2653.342129
414.460145,88,2654.352361
503.165602,115,2655.405862
416.316781,97,2656.444307
434.102217,92,2657.459993
314.94922,65,2657.995332
159.751296,35,2658.484587
342.500871,70,2659.033851
250.820413,53,2659.550973
549.445667,111,2660.602676
396.628506,85,2662.589264
801.119513,174,2664.628418
718.470185,144,2665.736425
385.878212,81,2666.736733
417.779906,85,2667.756741
289.951239,66,2668.301251
273.484963,65,2668.843152
154.295421,35,2669.335354
112.215725,26,2669.81407
159.190829,36,2669.87342
456.167217,110,2671.360342
267.542664,60,2671.894639
774.540269,161,2674.132994
127.700758,29,2674.615334
342.337883,75,2675.178175
413.824996,86,2676.197859
726.828308,162,2677.793228
495.34874,116,2678.873309
304.068437,73,2679.866836
356.063061,86,2680.457431
348.946663,74,2681.454758
202.102808,48,2681.970065
431.844542,99,2683.009638
310.413327,73,2684.340771
630.655001,133,2685.86533
206.979565,46,2686.376747
323.404775,79,2687.380256
386.124471,86,2687.961989
743.325233,158,2689.530308
495.602365,109,2691.021808
317.396596,76,2691.596402
329.027444,79,2692.613535
711.985048,162,2694.213681
542.592256,107,2696.286771
547.143796,118,2697.35511
502.335351,117,2698.862898
583.419736,132,2699.967856
402.166508,96,2701.011241
767.946038,163,2703.028705
516.340826,102,2704.067141
485.44625,98,2705.095402
545.727525,109,2707.175423
413.192972,92,2708.195015
447.122242,98,2709.22442
472.544115,103,2710.265179
616.522629,125,2711.347341
642.567422,140,2712.894103
418.889172,89,2713.919372
471.68354,108,2714.979203
569.507083,123,2716.048264
455.127876,99,2717.08034
289.116393,63,2719.093963
327.934174,76,2719.648876
378.055878,82,2720.653944
226.920478,48,2721.168918
600.21431,137,2722.276882
164.265826,37,2722.771159
312.553443,67,2723.320232
314.448437,71,2724.308306
344.783842,70,2724.858934
364.131439,82,2725.87432
425.042513,95,2726.90106
298.642316,67,2727.443015
519.179496,109,2728.493977
464.533044,97,2730.730911
412.860575,84,2731.742643
541.758923,101,2732.776912
460.631172,92,2733.79643
363.267471,79,2734.355923
725.827367,145,2735.902044
619.724469,121,2737.412417
599.097334,117,2738.494061
391.865318,86,2739.507286
602.689196,127,2741.498559
450.76713,90,2742.522875
408.707807,84,2743.529585
733.697772,152,2745.096461
187.879042,43,2745.599328
533.953482,120,2746.661995
804.57004,183,2748.720029
553.797228,117,2749.776399
612.302074,124,2751.279792
506.09705,113,2753.212376
267.649803,60,2753.788645
569.970566,126,2755.313242
301.447069,65,2755.848682
419.929907,93,2756.868344
627.15569,132,2757.969999
469.155256,91,2758.987078
812.02035,159,2760.563768
694.445232,155,2762.14104
368.142251,75,2764.481404
418.226435,88,2765.496304
431.339874,93,2766.51486
492.724537,112,2767.578145
310.112247,67,2768.120654
471.643792,104,2769.177429
573.841615,128,2770.700244
322.944944,71,2771.255893
531.675626,117,2772.76228
557.865775,129,2773.859912
412.521484,86,2775.923689
411.907369,87,2776.936476
392.042534,88,2777.524581
336.797108,74,2778.524149
520.028848,111,2779.588036
230.106687,51,2780.104969
287.341503,64,2780.643872
355.223799,78,2781.640332
600.817327,118,2782.708171
370.396426,73,2783.706023
307.363045,66,2784.253069
582.136261,122,2785.758982
450.907186,97,2787.471967
624.305011,123,2788.981207
572.407898,117,2790.039184
318.2292,65,2791.01919
575.85581,114,2792.082991
424.537596,95,2793.108691
441.863394,90,2794.122246
698.945564,169,2795.717184
567.984111,114,2796.785933
401.990071,85,2799.137313
604.416191,136,2800.672352
588.7171,128,2801.754175
708.009289,153,2803.316301
375.468795,80,2804.31378
541.740802,118,2805.387913
801.702962,174,2807.419091
738.491925,157,2808.980784
848.697802,178,2811.583755
524.385607,113,2813.094714
576.131587,115,2814.169765
511.696772,119,2815.252507
303.204896,72,2816.240061
499.603682,108,2817.293871
391.760908,76,2817.857974
462.051089,101,2818.902293
589.433882,127,2820.431345
342.205688,76,2822.67914
402.8227,94,2823.274796
427.283824,93,2824.293097
401.283032,95,2825.31934
362.248433,84,2826.339004
153.137813,34,2826.826477
508.699907,99,2827.86624
270.588496,56,2828.395781
264.043552,56,2828.927416
440.619105,86,2829.506152
448.354746,100,2830.548127
404.366883,91,2831.575226
370.245419,87,2833.585229
367.582126,83,2834.6071
322.602932,69,2835.15053
336.069343,77,2836.156296
287.176003,69,2836.712767
485.190731,105,2837.759444
297.325778,61,2838.300262
508.856101,101,2839.350668
685.616299,148,2840.917173
467.345671,89,2841.940073
549.037536,115,2843.00694
315.36552,63,2845.017807
549.275935,119,2846.102454
521.900622,110,2847.159356
393.913272,82,2848.174744
379.928718,83,2849.185451
425.592261,97,2849.796216
661.813739,147,2851.357316
445.410282,91,2852.379816
608.864299,122,2853.894367
361.115275,77,2854.470354
600.302606,135,2856.992126
391.587289,85,2858.012583
636.198149,135,2859.108557
551.449118,112,2860.598821
514.945077,118,2861.676765
590.786079,137,2863.226251
497.960174,116,2864.302072
618.818077,137,2865.861725
201.930782,43,2866.371115
402.911252,81,2867.895253
552.680918,123,2869.415691
430.599544,96,2870.451942
567.496654,111,2871.50801
447.25467,87,2872.533268
632.202079,137,2873.640643
302.778232,60,2874.175127
478.46827,94,2875.202075
440.824281,93,2876.222586
292.966644,62,2876.75918
511.481795,113,2879.413133
518.794745,124,2880.498817
420.441691,94,2881.521931
459.502114,99,2882.554633
169.821558,38,2883.049685
416.789855,93,2884.075651
312.240184,69,2884.627403
406.328289,91,2885.657963
637.080541,142,2887.2079
162.494781,39,2887.271092
197.818049,43,2887.770149
887.056049,180,2890.895433
410.922568,86,2891.907853
781.629062,176,2893.531125
827.982949,168,2895.555461
387.115056,85,2896.123269
951.867614,209,2898.22847
461.898325,88,2899.244173
289.652442,63,2899.786887
510.82826,109,2902.313111
449.124558,93,2902.898381
484.849092,96,2903.933299
504.247197,100,2904.972539
502.7485,99,2906.009367
321.376523,75,2907.001081
693.783454,137,2908.534092
625.369498,128,2909.61567
580.188125,133,2911.149266
851.675101,186,2914.449537
380.816822,87,2915.031079
390.491814,89,2916.053439
448.998106,97,2917.088173
978.896784,210,2919.197937
566.840701,111,2920.253082
587.002541,136,2921.797087
500.178963,113,2922.860746
602.623394,127,2925.473968
464.346455,96,2926.506026
432.363969,91,2927.522049
585.132511,132,2928.614912
565.951708,123,2930.120517
397.109617,93,2931.138465
642.359756,147,2932.707239
626.758901,148,2934.359989
463.534734,104,2935.404328
614.283393,143,2937.682385
860.276321,177,2939.744936
437.737492,92,2940.768948
364.926012,82,2941.77722
567.962781,116,2942.841217
484.808779,99,2943.882845
494.294677,97,2944.912191
666.059403,134,2946.003092
1093.875356,233,2949.666533
429.121343,101,2950.711771
310.119909,71,2951.701941
590.780223,135,2952.798666
137.026845,31,2953.286511
360.176752,72,2953.837197
372.987572,83,2954.844317
392.531773,88,2955.864825
782.948286,168,2957.452241
444.116908,97,2958.491144
519.790677,109,2960.586763
688.721223,145,2962.14528
296.877845,67,2962.690136
149.901683,34,2963.179995
571.939151,122,2964.691965
402.594845,96,2965.297041
518.30415,112,2966.788119
353.844495,81,2967.363915
286.570627,61,2968.330671
324.161259,72,2968.887995
203.215561,42,2969.392242
267.397847,57,2969.915465
461.093759,93,2971.911346
381.253977,87,2972.931353
441.058873,103,2973.978259
494.846031,106,2975.033861
284.276653,59,2975.563925
612.299391,141,2977.124511
767.654835,165,2978.727314
616.667124,138,2980.256546
499.486472,110,2981.311902
325.926381,71,2983.068165
489.514721,113,2984.563962
705.718042,149,2986.106048
500.10445,115,2987.171026
358.146612,88,2988.189205
431.91101,96,2989.219641
473.070134,109,2990.271297
386.90153,89,2991.279816
582.968112,121,2992.362013
955.030285,197,2995.517321
306.62415,68,2996.06291
494.067634,116,2997.563688
622.721409,129,2998.647565
443.814199,102,2999.692279
487.70641,112,3001.185392
119.422332,27,3001.228198
111.090954,25,3001.702298
411.15395,85,3002.285161
223.89558,48,3002.798281
187.748904,44,3003.308008
383.978197,82,3004.325376
432.021277,99,3006.550009
466.500447,98,3007.587729
701.221007,155,3009.153189
300.896081,64,3009.694213
579.05741,112,3010.759763
435.977094,94,3011.790463
482.173011,96,3012.81282
235.515464,53,3013.337792
458.270592,100,3014.377905
601.673359,136,3015.914446
841.517734,169,3018.296751
422.690031,88,3019.310334
724.339888,156,3020.885029
838.05003,171,3022.913462
448.313219,93,3023.511454
309.427799,71,3024.500275
401.854022,93,3025.52171
338.845902,69,3026.065052
454.668148,93,3027.091444
554.201492,113,3029.16591
351.81324,84,3030.181406
506.744721,102,3031.225738
338.528657,76,3031.785814
392.145252,92,3032.813236
689.774046,154,3034.382443
369.545679,88,3035.406085
620.140487,137,3036.94314
504.260915,113,3038.004268
306.068705,69,3038.550288
595.759934,132,3041.144915
758.557911,172,3043.174453
684.849862,145,3044.294579
432.635826,92,3045.327073
628.368101,141,3046.875978
287.024264,69,3047.863561
535.568964,121,3048.943074
683.409264,139,3051.480837
466.803276,106,3052.541297
452.028842,103,3053.598404
721.100013,159,3055.184874
341.267553,75,3056.178898
448.203108,99,3057.21574
944.385208,193,3058.859846
672.982808,148,3060.430009
384.049847,85,3061.451534
698.30861,142,3063.963364
491.660118,101,3065.004081
563.530841,124,3066.085681
922.319127,198,3068.17138
549.684987,118,3069.681731
807.759733,175,3071.279733
160.902095,37,3071.77231
450.927704,95,3072.796572
1008.098941,203,3076.018127
172.503908,39,3076.513574
529.872261,108,3077.565124
392.957485,91,3078.590215
424.6289,90,3079.173647
475.976805,112,3080.671841
451.277303,95,3081.705869
554.027575,128,3082.807797
409.176057,87,3083.826193
422.690315,98,3085.925956
452.779014,96,3086.961878
496.862467,110,3088.015285
425.353942,95,3089.045613
412.092911,81,3090.051215
377.725619,83,3090.629261
403.261605,93,3091.651366
387.728707,84,3092.658303
386.882943,84,3093.23495
521.05697,126,3094.756024
660.837887,145,3097.449073
229.594175,54,3097.971123
602.1552,122,3099.041868
362.371758,79,3100.035529
679.118685,146,3101.579833
730.857248,146,3103.131939
212.343227,54,3103.657878
336.746742,82,3104.236448
598.041084,134,3105.779932
391.012187,94,3106.805604
622.218173,141,3109.378811
482.365473,116,3110.444564
362.138118,75,3111.442599
211.474824,50,3111.958109
292.290461,71,3112.516663
259.987083,62,3113.078405
443.874684,101,3114.198348
428.194263,102,3115.251383
553.863466,109,3116.738971
500.934646,110,3117.810253
587.691265,129,3118.914398
478.205464,103,3121.261064
763.360588,165,3123.329815
574.719467,116,3124.418174
671.308537,148,3126.024285
617.61431,117,3127.109608
792.405225,171,3129.186805
651.923643,130,3130.298146
538.918234,107,3133.263325
532.506176,125,3134.37054
387.611889,90,3135.417378
513.959601,111,3136.4979
497.600007,114,3137.589884
376.049983,87,3138.628259
295.434958,64,3139.187976
259.142763,56,3139.732006
491.089046,98,3140.787437
487.318593,103,3141.849069
400.776481,86,3142.891939
417.813089,88,3144.983529
515.601197,115,3146.073111
352.059718,76,3147.09534
590.497618,115,3148.174446
521.072797,114,3149.263318
526.347969,114,3150.803508
276.56528,59,3151.331008
423.940756,96,3152.382964
435.661282,96,3153.436156
352.332868,81,3154.028372
500.814387,113,3156.679343
549.508238,124,3157.776642
656.366939,131,3159.319324
575.171199,115,3160.405092
481.587101,113,3161.494358
1029.129656,220,3164.094633
466.770888,109,3165.169168
586.178901,136,3166.298532
629.222027,131,3169.409776
487.930839,106,3170.474452
459.240625,94,3171.514816
532.272419,124,3173.07279
673.212487,134,3174.187205
828.907419,165,3176.250926
719.245004,161,3177.880284
686.04256,135,3180.43017
401.196736,83,3181.447424
805.927062,177,3183.533937
704.615548,160,3185.154539
625.98069,132,3186.727777
478.708472,100,3187.793692
596.529106,134,3188.916339
334.799848,77,3189.935476
407.987383,94,3192.135784
553.339437,125,3193.243234
270.979335,63,3193.805927
704.79424,144,3195.371982
271.723207,54,3195.912718
470.112198,94,3196.949395
445.71568,93,3197.990731
147.492717,37,3198.482244
917.096472,204,3200.624893
415.221289,91,3201.649812
351.046025,78,3202.219347
921.133106,190,3205.488972
599.663732,134,3207.030777
418.738762,91,3208.050609
939.386441,192,3209.683668
468.437815,102,3210.715054
434.837504,91,3211.734228
463.541158,92,3212.759072
425.631662,96,3213.786193
555.893539,115,3215.948328
1002.651148,203,3218.037967
330.069202,80,3219.048651
599.804363,121,3220.142813
728.896663,151,3221.699677
1006.528801,200,3223.779047
515.562537,113,3225.262386
317.45099,71,3226.997939
561.071939,107,3228.051639
306.330448,72,3229.045011
524.03293,105,3230.104286
743.896618,166,3231.699853
646.835325,135,3233.252815
1049.761772,207,3235.341898
690.459827,155,3236.915569
953.116404,191,3240.168425
547.961841,117,3241.241972
514.586817,111,3242.300266
474.994459,102,3243.349878
461.152646,105,3244.835937
381.990107,85,3245.415288
572.81047,124,3246.934696
409.017095,93,3247.966379
513.174212,114,3250.439016
522.934203,113,3251.511512
538.443286,119,3253.019022
464.755392,103,3254.060919
687.342406,137,3255.166754
311.845205,71,3256.160909
451.871928,106,3257.215459
759.055753,154,3258.789274
387.109514,89,3259.810078
371.086923,85,3260.386937
321.999758,76,3262.448464
253.019441,58,3262.9778
791.98549,170,3265.011234
486.469217,109,3266.070109
632.659408,126,3267.156236
422.933936,90,3268.168911
559.44665,119,3269.249849
410.600624,94,3270.275116
168.501495,39,3270.771615
600.617319,124,3273.299529
610.802359,130,3274.37593
402.415148,91,3275.394982
835.119396,188,3277.462353
530.975004,107,3278.519178
659.969661,144,3280.061053
371.027464,89,3281.074026
190.010986,43,3281.143764
307.29868,68,3282.12697
489.757549,97,3283.155822
498.661229,116,3285.435023
686.685932,155,3287.012053
568.143258,131,3288.539287
237.919545,59,3289.069193
171.976991,40,3289.565855
203.468707,45,3290.069916
802.30351,185,3291.694787
230.227794,52,3292.214473
173.454228,41,3292.71874
202.553752,47,3293.260077
440.535547,104,3294.369401
665.289049,143,3296.779112
380.337482,84,3297.783083
353.283162,76,3298.3384
345.361222,76,3299.349616
190.502733,45,3299.86827
310.617798,69,3300.408138
273.353994,65,3300.945416
518.14435,115,3302.445552
373.733194,88,3303.023253
308.679296,72,3304.014612
1010.009054,212,3306.113205
275.451622,67,3307.668659
322.178891,70,3308.650534
386.646637,89,3309.675695
452.872595,95,3310.703403
362.252336,85,3311.276904
714.419348,149,3312.84719
297.446953,66,3313.822305
246.018462,56,3314.346339
446.385798,92,3314.931443
801.020967,184,3316.997422
410.291998,93,3319.127358
451.522634,99,3320.17273
278.2388,60,3320.708863
487.924169,99,3321.748676
730.152954,163,3323.329299
479.082288,106,3324.82437
332.456966,71,3325.375349
359.591888,77,3326.376903
580.411354,114,3327.43904
220.193167,48,3327.958676
485.940976,94,3328.992964
315.611784,70,3330.713327
484.741814,105,3331.757538
365.858236,77,3332.757199
194.495051,45,3333.268934
426.157995,102,3334.317349
594.179413,141,3335.43875
436.604743,93,3336.465203
427.84873,95,3337.497277
472.688793,107,3338.549203
547.964206,113,3340.047768
329.995478,76,3340.608299
780.26311,166,3343.39109
344.259937,71,3344.382148
555.869623,124,3345.470815
321.439826,68,3346.441664
388.682219,92,3347.465886
405.514129,86,3348.067225
815.938444,178,3350.152279
556.797939,114,3351.23637
129.453636,30,3351.739419
473.512795,96,3353.972277
454.401101,103,3355.041016
403.680553,79,3355.604757
311.751789,66,3356.603451
607.540724,133,3357.738064
528.440833,102,3358.805169
469.489816,103,3359.875722
831.028313,161,3361.926284
639.449671,143,3363.063794
142.668162,31,3363.546839
352.336253,81,3365.561661
407.771669,82,3366.153669
642.246985,144,3367.746471
324.213812,69,3368.749419
502.81679,116,3369.84095
476.887367,106,3370.907315
473.761173,105,3371.978427
692.183302,153,3373.567182
720.485694,161,3375.193403
741.86893,174,3378.546232
686.723775,148,3380.163124
446.795986,91,3381.21706
344.030561,79,3381.814286
856.41197,173,3383.909388
474.898565,111,3384.999144
830.25472,179,3386.629653
574.408723,120,3389.536329
873.17239,176,3391.216203
437.484668,98,3392.295423
751.103992,155,3393.935169
620.89526,129,3395.502283
517.515877,103,3396.586406
402.073482,86,3397.646036
449.836802,100,3398.732948
406.222755,85,3399.787996
396.975334,85,3401.360263
465.185362,93,3402.423851
486.640821,116,3403.54281
804.496403,163,3405.63359
484.64471,113,3406.764437
462.805485,109,3407.838609
419.414416,88,3408.875219
350.696176,85,3409.915512
343.300246,81,3410.48489
502.069759,101,3411.54027
418.58481,84,3413.752402
499.971224,99,3414.813568
445.315111,104,3415.876737
321.43434,64,3416.4114
372.905697,78,3417.425596
321.402408,74,3418.007166
503.85191,98,3419.059453
580.75818,132,3420.609463
432.040896,96,3421.653253
320.811313,78,3422.235232
434.017729,85,3423.262204
891.064597,179,3426.359141
560.758703,110,3427.439941
527.130304,120,3428.534373
534.77031,118,3430.060089
809.076597,177,3431.667538
954.914726,198,3433.757231
549.805204,123,3436.501787
448.334881,100,3437.543884
221.082257,47,3437.617775
554.921356,127,3439.135242
399.039152,94,3440.156842
342.680623,77,3440.717452
470.827173,103,3441.755801
755.871713,149,3443.319467
480.015197,94,3444.340697
420.497996,93,3445.369676
965.997992,210,3448.663269
457.240186,88,3449.676041
464.862376,87,3450.690654
499.584669,120,3451.770659
243.297072,51,3452.28756
536.794808,119,3453.795802
515.633588,117,3454.870361
538.524007,120,3455.946237
480.596485,107,3457.431616
510.588476,113,3460.211306
435.84703,93,3461.234819
564.161622,126,3462.313489
520.71495,111,3463.36953
553.892104,107,3464.84974
745.446881,159,3466.430683
678.029446,136,3467.541684
829.931525,178,3469.592405
744.500243,167,3472.612032
1000.543817,208,3475.248039
760.341203,171,3476.842203
588.68872,129,3478.364184
424.237461,100,3479.398968
420.342923,95,3479.989163
870.207142,182,3482.032749
330.62974,66,3483.944818
477.318714,95,3484.975211
534.169974,104,3486.014902
364.275069,80,3487.010568
521.287623,102,3488.054019
550.158675,109,3489.10755
468.920601,95,3490.139846
773.793174,168,3491.736414
404.24817,85,3492.755229
869.473956,177,3495.928849
619.680332,135,3497.050714
520.935268,113,3498.573875
791.763361,170,3500.208872
441.637899,97,3501.258782
610.298605,125,3502.805297
648.978343,128,3503.905257
361.036918,80,3504.921557
353.949813,72,3505.484652
539.621753,119,3507.844327
534.367391,123,3509.390179
779.470033,157,3511.004226
417.084844,86,3512.033939
631.151661,127,3513.142436
331.957737,69,3514.146346
553.153379,132,3515.264386
677.047979,157,3517.316637
671.660741,145,3519.580097
567.117473,126,3521.133365
379.186076,83,3522.162033
480.929494,97,3523.216154
905.540015,196,3524.898319
450.02118,98,3525.948858
484.556867,97,3527.00978
817.371121,165,3529.081751
714.661091,161,3532.039146
505.20743,97,3533.094772
468.642365,90,3534.138745
429.534133,90,3534.733774
847.029697,188,3536.843939
692.70403,154,3538.46181
701.010976,158,3540.084618
418.272761,86,3541.127004
449.137096,95,3543.62939
452.219574,98,3544.693653
638.498775,137,3546.265215
758.00396,165,3547.900367
708.630913,151,3549.50901
880.133104,191,3551.64075
757.854167,160,3553.257224
326.260906,75,3555.605651
447.364128,97,3556.661904
829.348683,188,3558.33322
470.438529,103,3559.404818
621.567891,138,3560.982041
308.46593,64,3561.536285
601.25289,118,3563.069115
478.125647,96,3564.117739
721.317733,161,3566.995069
524.036757,117,3568.082815
903.646132,197,3570.215879
520.242389,105,3571.275091
444.619499,93,3572.315121
428.205175,87,3573.348153
468.778204,104,3574.417358
749.258813,170,3576.052228
713.548135,153,3579.071142
533.745009,115,3580.615239
746.666489,148,3582.204968
612.916391,125,3583.299413
500.002142,100,3584.359047
713.012278,159,3585.982247
869.271368,188,3588.092361
720.138391,156,3591.001576
683.54184,160,3592.617046
496.988077,106,3594.123869
637.372846,144,3595.251158
660.193073,137,3596.787371
777.607148,174,3598.831156
777.11903,169,3600.436921
569.429235,106,3602.516779
838.372682,180,3604.579744
726.748124,156,3606.165282
772.061528,169,3607.768545
607.84195,133,3609.314703
397.268648,92,3610.348078
577.987975,126,3611.437328
581.66595,130,3614.277631
733.60133,165,3615.87057
511.235217,117,3616.95087
761.164958,165,3618.972565
507.252404,114,3620.04309
749.193999,168,3621.638984
519.44557,120,3623.158254
503.784138,118,3624.236513
490.209351,113,3626.502004
418.966026,94,3627.532512
442.511267,101,3628.574352
522.359099,122,3630.085957
524.275764,115,3631.146224
551.231028,121,3632.649371
528.848585,120,3633.725446
682.592918,145,3635.278149
661.876379,144,3638.004645
624.1746,143,3639.557239
714.094211,162,3641.134999
546.097851,122,3642.220669
635.646031,143,3643.774283
773.888376,171,3645.815451
514.277109,98,3646.425596
487.757318,107,3649.156846
622.394627,140,3650.274884
394.614594,76,3651.273383
743.03075,167,3652.871775
775.663083,176,3655.019197
955.275759,193,3657.081839
592.902109,133,3658.185762
511.025708,110,3660.915774
1133.387901,248,3663.076929
602.470594,139,3664.617244
563.328547,117,3666.118404
465.706179,96,3667.151418
297.787411,64,3667.692839
221.320581,50,3668.205867
424.691474,96,3669.238216
314.704447,68,3669.785774
221.899912,48,3670.29965
1056.788245,235,3674.009901
327.547948,67,3674.559303
392.127753,81,3675.569356
595.993886,125,3676.648846
540.722626,105,3677.692902
698.489528,141,3679.236991
649.045371,136,3680.767071
469.936068,111,3681.821117
500.831982,95,3684.06439
623.052724,132,3685.588824
517.84287,114,3686.649381
424.806965,100,3687.683243
399.03738,79,3688.250257
639.142743,146,3689.799059
535.832793,125,3691.320406
656.942342,147,3692.864879
441.334358,100,3693.899918
566.735339,127,3696.343996
553.011985,105,3697.388423
434.368279,96,3698.41398
753.061926,167,3700.447333
707.700032,158,3702.012032
640.042428,137,3703.5444
552.894811,124,3704.618461
567.968066,127,3707.403454
640.302552,134,3708.499226
763.237366,146,3710.039047
701.20045,147,3711.587419
811.524184,178,3713.642344
1170.199738,250,3716.299837
481.027583,108,3717.374169
538.250415,122,3719.64907
449.984077,95,3720.719998
461.516516,106,3721.788402
684.63127,151,3723.373981
803.099306,176,3725.458316
660.11349,141,3727.050442
447.416817,94,3728.093039
938.265461,192,3731.023309
210.694364,49,3731.537388
673.092292,140,3733.112889
562.655673,129,3734.666114
516.080702,107,3735.75134
455.230275,94,3736.797727
692.868774,130,3737.911221
631.610114,139,3739.474457
428.713924,94,3740.519128
598.353901,127,3743.448255
963.384353,208,3745.598074
445.860164,99,3746.655987
575.458864,109,3747.742845
555.104854,125,3748.858196
537.661506,123,3750.395015
959.635598,193,3752.510462
518.804152,119,3755.457412
491.567584,97,3756.508204
735.483925,161,3758.13932
1110.206315,230,3760.768705
483.292468,94,3761.811284
569.126886,120,3762.910466
646.885004,143,3764.492725
552.226459,129,3767.622802
437.795072,94,3768.234689
842.630965,183,3770.336927
581.329789,117,3771.43208
521.305533,121,3772.982024
480.689998,95,3774.033751
623.956433,132,3775.169549
597.158039,126,3776.736772
734.690731,156,3780.031735
296.376591,61,3780.576222
909.926965,201,3782.753246
552.62346,120,3784.283519
374.220743,73,3784.863971
666.606864,144,3786.437835
674.55037,152,3788.047609
771.511507,161,3789.654149
693.97226,151,3792.784096
458.379026,107,3793.862186
625.610312,128,3795.408705
374.515179,75,3796.427175
608.829704,121,3797.525736
551.82186,122,3798.606133
492.992897,106,3800.110861
514.965323,108,3801.17286
523.996208,115,3802.248746
771.469629,155,3805.362416
828.832788,172,3807.379502
382.558481,91,3807.969536
606.349458,136,3809.511436
708.722988,148,3811.08058
595.142343,124,3812.608104
579.796602,120,3813.67915
632.931743,142,3816.751567
1044.466571,224,3818.889121
697.842222,154,3820.466506
370.973145,85,3821.477842
777.88767,170,3823.075926
510.974104,127,3824.595141
797.208725,172,3826.199435
534.25994,116,3829.243263
682.658845,150,3830.801197
641.529642,151,3832.357832
847.521592,170,3834.033687
688.856191,138,3835.593062
610.478567,139,3837.141371
362.342749,83,3837.728822
731.974427,165,3840.805794
788.72624,176,3842.417893
514.986583,117,3843.493477
343.586631,81,3844.503564
667.59452,157,3846.080655
504.154805,105,3847.12818
674.438758,147,3848.696001
899.566936,192,3852.095796
768.753843,157,3853.683208
375.86015,77,3854.688972
668.65822,148,3856.254714
425.782905,86,3856.834794
560.57063,127,3858.358612
538.464111,124,3859.876454
746.49414,162,3861.468112
419.930132,95,3864.205238
625.1632,136,3865.314837
549.879712,124,3866.831947
707.42957,159,3868.404069
483.109603,109,3869.459782
619.016214,123,3870.980336
449.283853,98,3872.020287
814.539507,179,3873.628747
596.954806,131,3876.41923
545.120514,124,3877.501844
809.367982,173,3879.537513
476.529647,103,3880.57996
640.799686,142,3882.135813
471.764962,99,3883.169379
1085.316617,229,3885.307399
1031.811886,217,3889.387758
830.367405,187,3891.027218
468.871534,98,3892.063439
479.909207,111,3893.131467
625.626707,141,3894.679332
525.796237,119,3896.195066
613.488449,131,3897.28126
534.326558,121,3900.28689
675.449554,150,3901.859446
649.572009,147,3903.427152
708.798097,159,3905.031336
620.451124,137,3906.580576
636.341944,144,3907.704266
551.05527,117,3909.20473
635.677883,133,3911.609413
1001.28527,212,3914.155213
741.357623,165,3915.762053
665.123141,150,3917.328304
513.078692,117,3918.408138
617.713146,135,3919.936097
429.961389,93,3920.959529
271.024525,59,3922.891335
1100.513717,240,3925.489264
678.850513,142,3927.029684
583.700973,133,3928.124627
629.861635,143,3929.684773
744.933834,168,3931.709987
1051.047481,229,3935.273969
567.816883,129,3936.795028
525.2516,115,3937.858092
843.121358,183,3939.91537
661.537558,145,3941.464617
399.340706,92,3942.054109
280.834929,67,3943.03258
1066.692036,235,3946.956439
517.042062,123,3948.033746
568.97668,129,3949.559313
579.193082,131,3950.657576
596.024482,136,3952.193204
586.870903,133,3953.727252
626.820552,140,3954.834046
548.369828,124,3956.356142
730.159221,163,3959.159145
777.671785,163,3960.750865
594.675527,135,3962.288887
601.191843,133,3963.825923
1318.138337,286,3966.488289
490.383635,108,3967.9758
678.906121,145,3970.803916
595.775714,130,3972.330805
968.895053,205,3974.415044
1133.090688,243,3977.020179
555.41139,120,3978.098363
664.615311,143,3979.647466
1141.81533,238,3983.84909
592.605743,118,3984.927774
128.797356,31,3985.410665
574.454836,121,3986.486133
621.992544,135,3988.024448
860.961682,185,3990.110241
458.501132,101,3991.147677
985.437073,215,3994.509439
1008.452614,202,3996.596004
637.576141,143,3998.154238
322.676715,69,3998.705787
802.761825,176,4000.743149
126.005789,31,4001.22381
92.509195,22,4001.256672
111.324421,26,4001.72881
460.859343,99,4002.767231
104.25924,26,4002.807104
1232.579508,260,4006.546304
722.831716,143,4008.098715
522.380509,106,4009.140607
91.305204,21,4009.608375
627.189874,140,4010.725207
538.579241,116,4012.221621
618.281894,134,4013.357114
482.125323,107,4014.95189
725.647918,168,4018.346477
731.087569,159,4019.969421
518.461805,104,4021.063766
373.850731,77,4022.10709
396.837486,84,4022.702114
686.855823,157,4024.799817
103.257303,25,4024.838916
99.669484,23,4025.3297
109.307065,26,4025.370388
279.12496,63,4025.93682
96.579745,23,4026.431988
93.853472,22,4026.466209
122.852171,29,4026.967197
259.580575,54,4027.511103
788.832153,169,4029.745912
100.795232,24,4030.232394
528.443556,110,4031.331954
368.030703,77,4031.914531
402.141104,84,4032.974097
520.739561,107,4034.058857
751.345689,163,4036.14669
784.364171,159,4037.765501
120.33398,29,4037.812644
694.567771,146,4039.410088
131.635924,31,4041.534123
543.326202,115,4042.642237
340.37713,77,4043.679662
622.997432,129,4044.796375
366.100561,81,4045.846211
467.036116,97,4046.912415
1120.661798,239,4049.539151
452.892858,98,4050.600093
1020.270367,221,4053.877985
639.976003,147,4055.494268
350.087576,80,4056.508118
454.29747,94,4057.109657
514.353679,106,4058.592566
528.925477,110,4059.656979
487.994352,118,4060.733811
517.636812,122,4062.25106
364.366649,85,4062.829232
324.635304,78,4064.782207
1004.509739,212,4066.91306
760.438521,170,4068.524246
545.864401,124,4070.046299
967.44743,199,4072.112055
464.980812,97,4073.153186
578.276237,124,4074.235503
740.052083,155,4077.111001
540.716467,117,4078.608184
639.596327,129,4079.688251
405.84478,91,4080.703643
782.319266,180,4082.752315
343.801617,78,4083.312
421.106009,99,4084.344147
848.26153,190,4086.39745
464.098936,97,4088.828967
562.585193,131,4090.353952
376.760225,78,4090.917698
556.421588,119,4092.42199
523.206984,118,4093.488274
651.814902,134,4095.022185
699.366017,159,4096.600051
315.326336,68,4097.152341
197.93995,44,4097.660267
260.854064,57,4098.192323
315.223811,68,4100.013045
211.491739,49,4100.531864
346.326196,73,4101.089902
827.273324,169,4102.684132
378.137206,90,4103.702789
272.665084,65,4104.242669
297.658235,64,4105.218714
642.21905,141,4106.768791
788.367537,160,4108.360067
427.984777,94,4109.385094
315.939655,64,4111.375856
323.122178,76,4111.937939
361.557723,79,4112.944107
209.752848,52,4113.464694
350.517937,79,4114.465433
495.764803,106,4115.504226
454.392096,98,4116.540347
120.140114,31,4116.591558
192.519801,44,4117.102734
715.036147,162,4118.700363
371.616537,78,4119.701885
374.208306,81,4120.715371
629.077968,131,4122.974113
430.386712,89,4123.985027
440.831497,102,4125.032251
449.687985,90,4126.056875
585.557491,125,4127.139193
844.55954,186,4129.193141
571.687992,114,4130.259193
439.952159,90,4131.277273
478.444258,101,4132.311956
396.31483,84,4134.475242
589.159215,117,4135.552423
1396.39968,288,4138.679239
517.956099,116,4139.745362
576.132747,127,4141.270311
577.617812,116,4142.338066
714.952835,163,4143.918186
633.598122,145,4146.991786
372.470305,75,4147.982816
409.55114,92,4149.006044
676.248308,135,4150.104101
604.254316,126,4151.60623
956.320881,196,4153.692266
638.712547,135,4155.219091
574.541918,123,4156.293128
575.909801,125,4158.770196
476.223925,104,4160.244411
614.575458,138,4161.342824
522.958465,113,4162.840416
807.187268,178,4164.452117
940.347892,199,4166.548585
959.062853,202,4169.953012
659.523275,139,4171.490951
715.765905,152,4173.043749
284.407584,64,4173.57908
544.492256,117,4175.08165
608.721042,141,4176.192277
610.578826,132,4177.712819
804.170143,179,4179.770115
473.948437,103,4182.242999
550.726698,118,4183.299663
446.249183,94,4184.326901
498.151874,115,4185.391359
1022.631244,215,4187.93048
788.286829,167,4189.522298
640.719412,137,4191.069787
740.419648,151,4194.181564
225.207704,49,4194.690467
529.983719,110,4195.743673
383.995082,80,4196.318811
699.950643,159,4198.336063
463.227298,106,4199.38811
407.361042,82,4199.960887
731.209486,164,4201.975506
385.96523,78,4202.536959
385.078668,77,4203.529874
697.090513,154,4206.356311
422.607808,95,4207.381743
476.434927,105,4208.434423
434.104501,86,4209.442694
595.906339,122,4210.512957
698.903722,151,4212.078137
540.571438,116,4213.140119
393.299964,81,4214.143852
532.149319,119,4215.215183
567.661032,130,4218.344239
574.677944,114,4219.405055
810.280927,170,4221.439967
779.87636,170,4223.04132
560.650549,127,4224.576304
295.133403,65,4225.123022
386.249955,80,4225.692303
182.440423,44,4226.200161
335.146676,66,4227.176222
882.547292,189,4229.895096
463.117152,100,4230.942197
322.327038,75,4231.932559
657.456849,138,4233.479965
890.721352,198,4235.570351
483.71362,106,4236.626287
411.937865,96,4237.655686
329.963002,68,4238.203687
595.407474,126,4240.679746
652.027407,139,4241.778351
707.305252,158,4243.787206
423.77667,99,4244.396979
839.026801,184,4246.471422
446.421926,103,4247.517573
374.144574,89,4248.537313
250.489587,59,4249.0706
374.956084,88,4250.088653
283.14885,68,4251.570884
176.258153,41,4252.082422
391.962491,81,4253.10713
587.9211,134,4254.235639
426.182298,96,4255.286175
349.460144,74,4256.30563
236.592968,51,4256.82762
521.997271,100,4257.882169
429.962288,102,4258.939783
1416.533371,296,4263.261124
456.440297,99,4264.311813
342.544538,74,4264.876006
742.850574,152,4266.466977
465.752153,106,4267.527242
778.47177,168,4269.574281
458.854246,104,4270.627584
577.678006,112,4271.688647
965.600369,212,4275.355798
677.926975,150,4276.915133
711.504876,148,4278.469959
658.650867,142,4280.033224
525.085364,101,4281.073045
376.324178,80,4282.074465
903.276268,188,4284.128227
520.857443,112,4285.186941
783.205246,175,4288.476443
768.078683,163,4290.495242
374.548666,80,4291.061054
493.71191,105,4292.101716
772.231352,162,4293.6774
243.712579,54,4294.633277
913.523688,199,4296.697942
484.230781,103,4299.353256
614.019641,137,4300.468985
746.651406,165,4302.510147
725.152403,151,4304.078422
231.452989,49,4304.596329
694.017568,153,4306.177148
361.187195,77,4306.742205
673.891573,146,4308.298228
440.409121,94,4309.326846
341.898342,69,4311.313051
418.261354,81,4312.328182
539.471994,118,4313.391027
478.797527,98,4314.417877
620.941028,129,4315.944304
785.80736,163,4317.550224
637.218095,130,4319.07609
663.084447,136,4320.607436
561.349177,127,4323.144965
880.069957,196,4325.21952
281.282169,59,4325.761024
667.772675,135,4327.306306
534.952809,105,4328.34864
443.402821,89,4329.367901
386.408699,84,4329.94717
475.144444,92,4330.969902
227.883468,49,4331.484124
219.905216,48,4331.994706
200.210399,45,4332.500722
577.474116,117,4335.159216
471.989307,104,4336.64455
855.44213,185,4338.28326
785.208457,176,4340.33595
999.812976,222,4342.478568
801.408518,161,4344.061264
786.31117,171,4347.570145
690.493823,137,4349.102815
703.190849,139,4350.210757
532.071421,102,4351.258334
524.4045,116,4352.772428
394.070739,76,4353.335873
484.218139,94,4354.368743
516.764029,104,4355.419706
503.251004,102,4356.46021
454.310813,93,4358.793793
534.66278,109,4359.844139
847.862591,175,4361.886793
499.029129,109,4362.931414
814.135617,176,4364.537473
891.979528,195,4366.615469
671.957124,134,4368.168689
562.569875,114,4370.601238
871.3607,174,4372.672122
664.700204,155,4374.363546
466.777621,95,4375.393092
513.962937,105,4376.449156
1153.50303,240,4379.042577
647.822219,128,4380.126753
592.594905,120,4382.833323
494.585628,112,4383.902158
700.946597,134,4385.441542
658.149006,148,4387.000074
1032.539235,205,4389.083807
300.831489,64,4389.619847
561.705847,124,4390.704596
643.318534,141,4392.249324
656.51155,142,4395.232736
896.756903,185,4397.273171
701.464196,141,4398.822367
555.627553,121,4399.890334
649.877555,145,4401.451678
712.300735,159,4403.040975
494.394389,112,4404.096787
852.173454,179,4407.459598
758.893043,163,4409.048468
608.196917,128,4410.573813
823.436496,181,4412.201849
592.96014,124,4413.714448
545.05396,106,4414.757703
1092.072985,230,4419.207312
763.176093,160,4420.786833
503.621434,112,4421.852131
690.742646,140,4423.392834
640.837401,123,4424.468086
590.879829,120,4425.979576
319.345539,66,4426.523729
515.551011,100,4427.5728
707.485696,138,4430.463584
448.765684,87,4431.049765
549.817629,110,4432.543454
590.084033,116,4433.61509
588.809208,123,4434.690759
421.138339,85,4435.705181
427.79359,86,4436.731515
900.250365,187,4438.798392
382.14251,77,4439.352186
723.213398,151,4442.452071
539.932832,115,4443.508833
647.435021,128,4445.024568
674.709885,147,4446.588187
575.586673,128,4448.111661
983.387128,220,4450.239433
1539.050113,305,4454.632535
460.180817,92,4455.650748
328.693403,69,4456.196745
546.467244,106,4457.2424
574.907926,129,4458.765685
756.522528,150,4460.317433
697.672594,145,4461.859984
1106.74422,239,4466.037825
723.85877,141,4467.146927
1047.636469,200,4469.223724
665.085153,145,4470.784396
430.877848,89,4471.820954
326.159104,66,4472.366875
508.397596,102,4473.405821
547.300067,124,4474.957118
711.788346,160,4478.313665
677.977373,140,4479.903695
959.304391,195,4482.025236
564.954359,109,4483.10014
513.900438,106,4484.159611
866.413825,188,4486.288968
699.886077,142,4487.874799
795.373861,180,4491.100207
601.950466,130,4492.649429
537.8528,125,4493.7858
684.057421,139,4495.33876
737.293238,159,4496.946913
476.820407,98,4497.99696
484.591768,103,4499.060232
552.705422,109,4501.929401
255.633018,57,4502.463049
458.847128,103,4503.525339
1444.934299,316,4506.780633
642.179419,145,4508.353021
857.746634,186,4510.45752
620.312389,122,4511.555475
706.224645,156,4514.741214
542.429126,120,4516.270993
469.09499,109,4517.360381
368.067776,71,4517.930726
362.351586,70,4518.941836
192.133196,43,4519.443884
776.600621,169,4521.085074
462.068817,100,4522.144039
993.386474,217,4524.305781
297.432751,63,4526.490252
668.506583,144,4527.635433
389.504077,80,4528.666158
743.400748,158,4530.290547
202.137569,43,4530.823301
547.421469,114,4531.908287
271.635976,59,4532.895511
576.8712,130,4534.011275
513.771898,112,4535.096875
618.320135,141,4537.763047
273.880711,59,4538.299447
475.295552,99,4539.357174
506.698378,113,4540.909688
1580.065655,332,4544.184223
207.048626,43,4544.711086
609.148402,122,4546.234304
652.96984,144,4547.371379
743.328276,164,4551.197012
750.963599,167,4552.833759
870.841286,177,4554.960725
949.250073,205,4557.061285
650.648997,144,4558.613811
539.497789,119,4559.689141
463.925461,93,4562.489243
1184.426191,237,4565.075357
475.718549,108,4566.129188
603.844497,134,4567.234777
739.475788,162,4569.263346
664.199606,131,4570.360391
618.393481,139,4571.91797
1156.916217,245,4575.977543
477.037773,94,4576.999745
653.641159,133,4578.101207
503.895025,104,4579.585218
668.361589,141,4580.705189
644.504948,141,4582.25216
754.403627,147,4583.811178
815.824754,172,4587.409416
894.954171,175,4589.015776
483.957176,103,4590.062691
588.326798,115,4591.122503
954.466308,191,4593.179009
506.495605,109,4594.234822
764.058127,159,4596.253284
1023.035226,222,4599.983148
469.811619,95,4601.009018
575.267442,113,4602.064271
793.080509,173,4604.104059
696.462139,154,4605.67258
821.090548,181,4607.291868
833.601369,181,4610.931978
563.036382,126,4612.022741
492.415815,111,4613.521905
514.646683,103,4614.55637
984.871349,204,4616.656444
526.656005,102,4617.705806
892.857178,195,4619.800942
1087.211743,220,4623.576349
765.358594,169,4625.599092
1357.004599,278,4628.279155
934.986516,191,4630.347168
297.924299,60,4630.880736
758.1234,166,4632.477678
745.474948,161,4636.168594
577.591006,111,4637.222717
496.815018,102,4638.261991
658.288549,139,4639.797004
499.888153,103,4640.850734
790.896679,170,4642.449272
411.722782,83,4643.45896
1115.396817,231,4647.282136
1293.806608,282,4650.377036
767.838397,157,4651.956465
364.550526,74,4652.952683
717.071802,139,4654.497459
545.561977,115,4655.563273
497.994104,98,4656.603148
734.808755,160,4659.75998
363.463765,70,4660.311969
782.110666,170,4662.329929
602.368336,123,4663.411689
836.106759,174,4665.453057
651.430379,127,4666.545822
703.97941,146,4668.107075
584.036379,113,4670.477422
1021.314639,223,4673.030431
1028.174917,223,4675.148702
566.547707,108,4676.633556
342.266639,72,4677.183928
550.640935,116,4678.263859
455.158042,92,4679.28673
641.051697,123,4682.010148
796.346544,162,4683.59269
466.964182,97,4684.621932
455.653755,94,4685.648115
747.645781,157,4687.223951
790.515531,167,4688.82717
821.384781,183,4690.896009
570.402888,123,4691.974861
594.499238,116,4695.237153
654.486275,126,4696.319147
694.055574,148,4697.887239
1464.996262,300,4701.02831
680.634735,151,4702.610283
1179.987271,255,4706.768125
614.349955,128,4708.294462
773.382155,159,4709.878162
643.677326,138,4711.415051
848.020463,183,4713.037117
275.843936,57,4713.558655
801.120359,174,4715.607466
278.521398,55,4716.132208
885.648782,185,4719.398265
360.465286,74,4719.950238
438.805573,83,4720.956019
926.929618,199,4723.042163
588.762011,127,4724.119123
1033.947995,215,4726.666412
518.682114,115,4727.732797
600.169679,137,4730.977303
860.097965,185,4732.593974
719.093435,155,4734.682302
543.968603,109,4735.727143
900.519565,188,4737.359002
440.385477,92,4738.382594
732.737746,153,4739.943505
753.161553,155,4743.487991
871.642922,185,4745.552951
740.240391,157,4747.122912
697.282114,146,4748.672199
357.785605,74,4749.666253
719.134962,154,4751.231839
983.333474,214,4754.932416
373.193652,75,4755.926622
577.76564,122,4757.001702
529.229953,108,4758.053385
1107.792401,242,4760.679259
274.413143,57,4761.206314
571.426571,122,4762.715688
515.696046,102,4763.754128
684.499243,148,4767.00003
399.790972,84,4767.577204
473.520011,95,4768.603704
1092.232934,235,4771.183607
505.201457,108,4772.23408
1008.769845,210,4774.343409
368.866721,76,4775.342164
540.451803,113,4776.403438
355.037654,75,4779.353696
1158.506943,241,4781.534158
816.291216,177,4783.577132
1000.037999,208,4785.677238
559.885906,115,4786.740597
980.328486,203,4788.817484
1148.757829,233,4793.082136
537.82524,110,4794.129612
1000.989673,222,4796.695943
770.342345,161,4798.280262
896.918954,189,4800.357036
827.349507,177,4803.377559
826.201325,166,4805.403421
922.592996,190,4807.035359
524.160482,109,4808.519361
647.11197,133,4809.610815
451.302169,92,4810.638946
955.832636,203,4812.729261
315.525507,66,4815.065058
659.970192,135,4816.585045
332.338905,68,4817.133085
262.395333,54,4818.086996
708.298502,154,4819.662852
667.502032,143,4820.779251
800.876177,177,4822.810149
1106.194575,239,4826.953359
849.699593,178,4828.577754
563.870083,131,4830.114556
594.903916,117,4831.178728
931.31805,193,4833.234756
1372.036848,284,4836.349787
1391.797538,294,4841.322995
716.808004,148,4842.887265
755.596521,164,4844.485854
1251.705582,258,4847.124222
398.4074,80,4848.12494
369.862546,75,4848.685394
706.761695,153,4852.297616
486.852383,98,4853.337061
801.681756,166,4855.364351
666.62001,129,4856.453884
395.573531,78,4857.458241
619.579769,133,4858.569745
728.223241,160,4860.582666
500.894015,106,4861.631916
946.734661,193,4865.454916
572.339568,120,4866.526774
984.071115,210,4868.638984
881.097344,177,4870.687024
680.228523,148,4872.242882
862.259448,180,4873.872145
826.441794,192,4877.307348
467.175318,97,4878.34235
868.956917,194,4880.425354
674.398931,147,4881.973903
522.452331,104,4883.023177
664.421105,138,4884.564988
565.106156,111,4885.62044
331.454012,70,4887.186837
481.605068,94,4888.217546
604.142107,141,4889.770269
689.691887,148,4891.338406
677.136647,145,4892.889741
714.705476,157,4894.468294
476.640917,101,4895.508173
442.041122,103,4896.562596
778.163076,170,4900.169106
541.029122,123,4901.244094
944.360113,187,4903.297758
476.253975,101,4904.340243
712.751164,159,4905.922663
803.155223,171,4907.520622
874.394965,189,4911.542174
598.369999,125,4913.055609
669.27323,138,4914.249391
798.122186,169,4916.285163
1009.42498,222,4918.424167
789.417319,169,4920.457852
1147.089846,242,4924.484416
604.98774,132,4926.014155
678.298063,144,4927.570107
632.037265,134,4929.093224
669.426746,146,4930.63966
529.360406,120,4931.705413
559.566265,119,4932.771938
853.293221,184,4936.307272
538.040823,107,4937.353058
734.85944,160,4938.923593
867.376918,185,4940.99725
859.261993,184,4943.061386
509.741143,110,4944.10568
921.494002,196,4947.91134
658.733955,137,4949.460649
598.55002,129,4950.564841
776.952557,160,4952.160322
649.27655,137,4953.699905
690.10526,144,4955.246763
761.37342,163,4956.849726
603.41081,132,4959.689097
506.773786,100,4960.735197
563.799081,123,4961.822782
370.538471,79,4962.818335
539.450119,114,4963.884089
1216.131537,256,4966.539203
387.966019,84,4967.545246
1034.058989,222,4969.664419
704.670027,157,4973.124175
850.996964,184,4974.734596
659.525432,148,4976.295279
906.019009,198,4978.377363
654.277023,134,4979.894112
564.987178,117,4980.963358
709.181327,146,4983.732401
395.678155,84,4984.740065
604.649901,130,4985.826663
425.822385,89,4986.841406
341.142425,66,4987.380742
403.878176,79,4988.38012
254.731235,54,4988.900031
391.853548,80,4989.898659
645.841221,130,4990.98227
476.734687,97,4992.004155
686.845408,152,4994.595654
256.644834,51,4995.110044
268.934653,52,4995.628152
565.82073,122,4997.142084
202.84251,43,4997.64239
917.701586,196,4999.722509
357.363571,71,5000.28285
583.669929,115,5001.345407
638.858607,129,5002.8746
1157.348289,253,5006.694831
553.080065,111,5007.751799
443.802683,91,5008.773345
274.832013,56,5009.296982
464.64864,93,5010.31431
627.860054,128,5011.839901
545.646706,107,5012.88429
611.994172,127,5013.966307
738.929655,151,5015.538057
437.417704,95,5017.891755
740.544824,165,5019.481769
663.282503,127,5020.988654
527.637255,109,5022.033278
733.59906,159,5023.619671
289.909282,62,5024.58605
470.526834,104,5025.632348
411.628039,81,5026.19827
555.59923,118,5027.698864
336.578241,68,5029.054354
214.337539,45,5029.560101
803.119309,175,5031.177397
562.543014,120,5032.683579
678.762004,146,5034.239196
863.058027,179,5035.854199
642.26298,128,5037.370134
407.962141,86,5038.397162
886.313638,179,5041.511259
716.84743,161,5043.108993
227.627348,49,5043.631028
942.940756,203,5045.746949
527.742631,117,5047.262909
645.817787,145,5048.839794
726.227688,152,5050.440392
726.103771,161,5053.003419
562.03689,114,5054.063988
585.33304,130,5055.61356
476.741922,106,5056.665404
810.352752,169,5058.27676
501.14968,116,5059.80474
795.604523,167,5061.427581
562.568475,117,5062.509022
567.790904,131,5065.704021
619.290218,133,5067.243874
455.282806,101,5068.298147
667.578389,152,5069.887028
474.921348,99,5070.938067
653.688201,147,5072.512875
245.854826,50,5073.026834
316.264873,63,5073.567643
613.221445,132,5074.670644
1103.169474,231,5079.331417
990.059045,212,5081.481724
559.847177,113,5082.999067
768.464365,161,5084.596691
545.320285,113,5085.660417
967.557683,203,5089.594778
773.629925,167,5091.192201
921.348134,194,5093.271563
924.876521,198,5095.458373
899.907052,183,5097.533573
571.42061,113,5098.610205
1095.265569,235,5102.737947
1202.923329,259,5105.352139
934.536892,183,5107.396243
731.643111,160,5108.989513
901.053287,187,5111.071153
630.51121,130,5113.531509
612.063482,123,5115.041647
937.641471,206,5117.145979
676.250949,135,5118.67921
500.031085,97,5119.705837
932.278656,174,5121.312381
736.253387,159,5122.903601
752.076379,158,5125.941298
405.008302,82,5126.94729
877.25233,188,5129.031212
864.692348,185,5130.677823
1536.772299,319,5134.277999
615.003577,134,5137.694741
657.283345,145,5138.822902
484.456645,108,5140.307427
472.727755,104,5141.350562
250.426038,55,5141.874181
1240.419579,256,5144.50857
696.621056,143,5146.058865
769.061173,154,5147.628333
694.977249,154,5151.137877
485.944814,97,5152.16945
735.513115,154,5153.736656
1020.506577,206,5155.827198
232.885238,48,5156.341909
417.308757,86,5157.351321
782.516899,152,5158.9179
718.408377,154,5162.408831
701.450877,143,5163.95247
567.591936,115,5165.01391
902.701266,188,5167.092114
880.593301,181,5168.728292
1668.277519,351,5172.370015
238.131579,52,5174.870183
1860.255734,384,5179.018827
401.077782,89,5180.044944
415.821013,89,5181.069206
1244.41982,267,5183.715849
639.806611,128,5186.906367
797.56982,173,5188.518841
666.776525,148,5190.075114
914.641112,185,5192.123385
291.455587,62,5192.65739
1476.81333,309,5195.827379
1410.478753,297,5201.165263
1126.649092,242,5203.763752
642.918406,135,5205.303177
756.557713,163,5206.911942
863.355505,186,5208.981201
670.076553,141,5212.00758
599.458862,124,5213.531125
956.368652,203,5215.639458
809.782153,158,5217.206196
762.427557,157,5218.785795
491.557314,102,5219.830061
832.902623,164,5221.849276
1049.174747,230,5225.840725
1078.895396,236,5228.427833
854.550176,180,5230.045784
632.118141,131,5231.562605
695.466893,153,5233.124591
686.806251,153,5236.166257
718.123729,148,5237.715531
1208.605969,261,5240.340205
597.059003,132,5241.863399
906.935831,200,5243.957193
942.989331,206,5246.053317
714.778797,160,5249.23022
1017.641377,222,5251.794542
706.911875,141,5253.336313
1023.783038,216,5255.438302
481.144399,104,5256.471292
536.856633,119,5257.536813
501.587897,107,5260.41551
739.486732,162,5261.996502
627.507073,131,5263.080331
686.205111,146,5264.635105
779.092251,170,5266.674391
802.095896,170,5268.265002
869.733703,185,5272.185099
660.481345,143,5273.785165
465.201206,94,5274.846758
384.254963,77,5275.406982
705.080024,146,5276.952871
852.786078,185,5279.033343
1168.7051,243,5281.618784
513.900063,110,5284.177783
779.704388,163,5285.765667
743.808152,156,5287.345374
750.344365,165,5288.940394
784.996624,154,5290.93585
834.284574,174,5292.551064
959.535778,214,5296.557951
874.564601,190,5298.635059
1018.657247,215,5300.760604
824.498953,180,5302.810419
1181.576208,246,5305.422053
622.68613,125,5306.50347
869.823429,183,5310.438395
749.629047,165,5312.037303
347.345587,76,5313.031286
640.03755,129,5314.126952
510.173055,108,5315.611883
810.405268,178,5317.215411
577.49093,133,5318.750223
619.514375,137,5321.65216
1404.257264,301,5324.795994
977.965793,206,5326.901691
583.166543,125,5327.983738
1206.57695,262,5330.625475
407.629529,87,5333.856971
729.824835,160,5335.430655
937.068969,200,5337.532449
688.682687,149,5339.104301
330.338652,63,5340.074331
984.702459,200,5342.172178
623.054841,137,5343.279611
775.985625,169,5346.910679
841.518531,178,5348.512129
634.794413,141,5350.05865
612.476262,127,5351.58398
1080.750505,236,5353.751045
593.659485,128,5355.285053
510.075931,99,5358.397014
270.463185,56,5358.922994
875.363881,182,5360.970501
359.034267,77,5361.527321
1186.506977,239,5364.098302
1074.526499,234,5366.692869
717.98522,158,5370.314381
1075.971857,233,5372.91845
554.413219,119,5373.991906
826.827195,175,5375.599037
1063.40312,223,5378.186199
997.777732,223,5380.297724
1150.629669,245,5384.864792
794.64359,172,5386.904982
806.039983,158,5388.474802
897.984937,183,5390.089371
1232.130973,250,5392.703916
706.336977,145,5395.958517
919.656289,197,5398.054003
875.655684,188,5400.159024
472.70205,104,5401.20822
843.675667,179,5403.263417
358.664565,77,5403.822781
792.441528,165,5407.860613
757.59637,159,5409.452754
649.729536,136,5410.557268
612.061967,128,5412.084795
965.340104,211,5414.192578
793.125705,178,5416.260153
707.806248,149,5419.801848
698.073851,150,5421.37883
589.342741,112,5422.430736
1086.873406,238,5425.038401
932.802827,199,5427.142062
767.896924,167,5428.746475
526.703993,115,5429.818157
284.266102,61,5432.619184
1012.514997,204,5434.692621
495.540702,111,5435.751449
504.1645,108,5436.799842
448.147806,94,5437.825815
1649.444314,354,5441.51581
983.392759,216,5445.198669
509.127588,107,5446.679586
806.803171,179,5448.301034
831.937893,183,5450.369825
785.169861,168,5451.971987
870.439147,189,5454.094632
910.837256,193,5458.023895
1761.827747,359,5461.701051
827.321021,179,5463.754047
1278.949274,272,5466.411426
530.292238,113,5469.093146
808.109086,174,5471.139234
882.45722,186,5472.759195
631.803081,135,5474.313097
708.625757,157,5475.925655
652.125672,139,5477.496048
1109.819544,236,5482.686259
861.675822,182,5484.342738
928.943964,196,5486.479594
1319.326745,273,5489.596249
871.268729,201,5491.714144
1432.072569,284,5496.703234
915.633811,189,5498.757787
1406.662769,303,5501.92493
547.122214,115,5503.413282
367.52159,77,5503.972368
934.956473,195,5508.199883
746.13117,150,5509.749803
872.001839,191,5511.825222
696.045679,154,5513.393918
943.377663,206,5515.489628
1515.497072,317,5520.591349
872.779834,192,5522.677056
1191.468187,252,5525.288709
749.847218,159,5526.882709
1126.08451,242,5529.485547
2253.688411,482,5536.161239
1102.373355,247,5538.780068
894.409497,197,5540.860329
964.985081,203,5544.452533
179.010398,38,5544.94702
850.218528,195,5547.021671
819.858746,178,5548.653046
706.706664,152,5550.228988
570.227308,122,5551.740586
1298.195767,290,5556.469086
449.983319,98,5557.498876
582.567378,125,5559.011387
721.047967,151,5560.577208
484.097274,108,5561.62466
870.988728,193,5563.720707
1039.40451,229,5565.864964
1034.864693,213,5569.928949
745.63935,160,5571.500936
742.135995,157,5573.069728
591.285996,125,5574.589192
435.340106,91,5575.16945
1353.770674,298,5580.041054
934.550578,193,5582.131655
525.179178,116,5583.628227
1366.011223,291,5586.308863
798.814789,176,5588.366235
912.174032,203,5592.19369
501.928081,116,5593.272737
314.170835,66,5594.247115
570.889273,125,5595.323184
761.456634,163,5596.911454
375.7423,88,5597.924192
452.822223,103,5598.96886
1377.114456,286,5602.088614
459.524914,101,5604.462524
588.105452,131,5605.995851
477.419857,103,5607.036767
756.573374,168,5608.641318
655.549462,143,5610.183724
687.967544,154,5611.764194
710.550095,155,5613.343124
1133.037039,245,5617.885906
648.638971,145,5619.451049
511.946365,118,5620.52297
754.446401,169,5622.567008
704.642164,149,5624.132361
1173.52662,238,5626.269965
709.71579,151,5630.288707
964.967699,211,5632.850568
776.336226,165,5634.531083
1093.679749,230,5636.684261
745.581063,166,5638.708735
572.957748,123,5641.983954
724.492976,152,5643.545809
407.010784,88,5644.557997
799.858037,176,5646.611667
526.557963,111,5647.671432
837.483937,174,5649.28432
503.7967,106,5650.326322
707.84448,142,5651.866221
649.002124,131,5655.298983
475.843722,98,5656.320375
636.215863,132,5657.407294
583.451898,124,5658.91511
833.096305,179,5660.526292
556.920233,121,5662.033812
858.9612,191,5664.10915
681.024618,150,5667.313238
727.005434,150,5668.864292
526.21145,115,5669.922218
109.257411,24,5669.960894
267.01835,57,5670.919293
418.183483,91,5671.497677
496.228806,107,5672.981113
347.112157,72,5673.535643
511.76034,104,5674.571467
970.974887,208,5678.197465
601.279909,122,5679.701826
1063.713337,220,5681.825837
393.465543,82,5682.826244
520.810854,116,5683.88189
576.562733,133,5685.417028
1523.833777,326,5690.261938
105.74323,24,5690.740122
103.930485,23,5690.777804
849.860661,186,5692.860095
624.2914,142,5694.4152
212.147733,45,5694.918722
114.013684,25,5694.958441
629.980513,144,5696.522235
572.055323,130,5698.048776
618.228402,137,5699.162068
1033.014344,223,5703.301645
1144.852849,241,5705.900171
525.781565,115,5706.954864
354.890419,81,5707.94856
813.502142,168,5709.532715
958.165718,214,5711.657274
801.184233,164,5714.791007
920.773715,191,5716.858865
530.420089,110,5717.912116
792.676522,166,5719.918515
357.508842,75,5720.473027
951.972707,200,5722.570938
461.750846,97,5723.609256
769.294601,166,5727.592468
641.256715,147,5729.158568
410.191314,96,5729.750484
533.91668,119,5731.248387
581.94916,125,5732.321456
421.569762,93,5733.337555
337.594949,76,5734.325988
626.231067,141,5735.878191
639.887695,145,5738.682173
771.382208,167,5740.713394
483.289643,109,5741.770988
623.584206,128,5742.857561
796.98268,175,5744.899897
490.567962,107,5745.949158
729.488366,158,5747.517841
357.99764,73,5748.513286
655.146595,153,5751.824118
631.255395,134,5752.90604
698.017453,144,5754.45813
648.064267,146,5756.022586
491.721201,104,5757.082104
513.12743,110,5758.572001
783.828685,175,5760.174569
628.121096,123,5763.741071
497.860584,106,5764.787325
573.331804,131,5765.874962
914.331415,215,5768.406328
908.342526,203,5770.497298
668.576517,144,5772.037771
608.535624,132,5773.130613
568.001618,127,5776.27831
819.383296,177,5777.872912
666.245235,150,5779.435575
381.254963,86,5780.444323
646.19093,138,5781.966326
1235.112656,268,5784.590588
717.705769,146,5787.696764
423.279303,93,5788.711997
651.832825,140,5790.241008
430.191778,91,5790.81972
1044.486373,206,5793.34007
650.316142,141,5794.444885
888.913885,196,5796.534942
424.577727,95,5799.455418
847.856315,181,5801.520378
537.572667,119,5802.589819
664.990748,136,5804.12313
585.879337,123,5805.192938
785.655891,166,5807.214628
470.092828,99,5808.248897
598.722047,131,5809.352073
1265.853768,268,5814.101313
618.136154,133,5815.225387
438.273286,93,5816.268034
529.956268,102,5817.329342
637.23658,144,5818.897967
861.565615,191,5821.002971
283.75552,61,5821.542181
1192.000014,247,5826.38896
405.720009,88,5827.410159
375.588352,81,5827.981847
952.219072,199,5830.086501
371.403314,79,5831.09897
444.785934,95,5832.130328
859.16836,178,5834.204099
670.455301,140,5836.844732
715.610088,159,5838.450287
1147.94679,248,5841.088446
781.393539,176,5843.13566
657.793734,138,5844.702439
475.020984,108,5845.765186
841.915099,178,5849.162028
1002.380286,211,5851.713468
649.621945,154,5853.296781
473.083896,96,5854.330971
959.57718,208,5856.435005
801.856847,162,5858.025387
554.131069,122,5861.286598
947.284078,198,5862.950712
853.750641,180,5865.002553
370.29831,75,5866.003251
607.629398,130,5867.09483
733.051172,148,5868.666538
809.689381,170,5870.695993
1071.006599,219,5874.629463
810.89143,180,5876.679444
836.622827,163,5878.259887
898.345565,186,5879.884473
439.738376,101,5881.356352
357.997594,86,5881.94242
388.579704,87,5882.96421
616.611939,147,5885.998284
557.334071,129,5887.087685
180.705122,41,5887.590695
822.115633,168,5889.625101
636.019761,140,5890.724145
528.422485,115,5892.222062
980.997332,206,5894.323516
650.812453,137,5897.061538
113.900332,26,5897.102334
533.574323,114,5898.170844
1312.604159,280,5901.247189
794.297946,177,5903.29424
677.145273,158,5904.871659
404.777596,96,5905.906266
656.09937,142,5908.461473
149.423353,34,5908.95332
317.161289,72,5909.941272
256.458483,54,5910.46274
457.170148,110,5911.513536
353.325875,85,5912.51906
488.612284,119,5913.588619
371.566232,82,5914.593424
800.496605,184,5916.212645
600.974722,126,5917.724533
652.036113,136,5920.665653
317.683955,72,5921.220578
363.912631,78,5922.216824
371.23971,87,5922.800367
371.783227,91,5923.822004
389.915337,94,5924.850441
480.76866,103,5925.893258
361.789535,90,5926.916358
431.990213,102,5927.957232
416.334817,102,5928.997926
517.347882,127,5930.085175
452.645669,112,5933.042397
455.645931,105,5934.085386
397.37203,93,5935.118328
770.689447,169,5936.740423
545.421203,132,5938.270253
830.548539,177,5939.89061
803.789984,168,5941.933406
735.482506,158,5945.474864
514.680878,112,5946.528316
929.311053,196,5948.612604
654.63639,134,5950.143581
892.636421,196,5951.801339
349.778864,82,5952.81171
577.353308,117,5953.87242
1039.55763,211,5957.810656
320.35429,74,5958.362442
371.137132,71,5959.3524
733.540385,160,5960.948801
793.870091,168,5962.546906
732.225729,151,5964.121401
1289.968807,266,5968.37534
457.55654,102,5969.855199
641.117998,144,5970.981004
699.935693,155,5972.989369
744.396443,151,5974.556142
548.010501,113,5975.61945
367.189403,83,5976.190205
620.06767,132,5977.721477
610.112739,126,5980.784265
727.62765,152,5982.360468
555.347906,125,5983.439811
419.523192,99,5984.470584
552.851675,125,5985.987079
673.067528,153,5987.560573
1071.584457,238,5989.732987
1533.697727,328,5995.554944
1309.144687,267,5998.195302
655.725559,139,5999.748374
678.118473,143,6001.320686
783.502892,167,6002.934358
1368.687549,290,6008.08532
908.247688,185,6010.136809
765.266665,152,6011.694316
1212.7655,241,6014.246675
764.493413,166,6017.770415
1024.824156,213,6019.898429
938.33206,196,6022.00273
1615.763382,340,6025.682685
803.37435,175,6027.312898
818.719091,182,6031.417185
948.18611,205,6033.517848
650.271231,144,6035.080572
828.711895,181,6037.150733
809.49715,174,6038.756607
873.364233,181,6043.104686
827.572217,173,6044.703226
531.267551,112,6046.1941
1733.482403,356,6049.850664
748.791768,156,6051.417684
1015.640167,214,6055.576904
566.416815,121,6056.657614
561.489843,118,6058.162078
1166.516251,245,6060.773962
893.696463,185,6062.420388
1440.455085,301,6065.574697
596.53649,133,6069.193246
625.018231,138,6070.739876
739.002395,159,6072.321153
1169.473198,252,6074.939976
942.533498,207,6077.034364
1197.067395,251,6081.380073
631.493065,136,6082.915903
1237.482111,259,6085.54775
878.590061,192,6087.616641
916.244762,199,6089.701229
826.229522,171,6093.545791
905.717695,197,6095.624241
691.766644,144,6097.191654
683.657625,140,6098.733892
372.191548,78,6099.735694
849.522003,179,6101.363272
1223.038717,258,6106.02343
522.980334,106,6107.063068
865.982436,184,6109.135016
579.033484,132,6110.659923
862.289987,183,6112.302312
891.420558,190,6114.400044
653.671711,137,6117.791291
1158.019492,245,6120.42402
1148.778791,248,6123.058094
1086.653189,228,6125.226325
670.528629,143,6126.779436
654.12609,143,6130.148066
810.17828,173,6132.206896
912.882798,193,6133.85338
675.156782,153,6135.433807
832.926575,179,6137.483251
1022.408251,215,6139.614212
853.442574,181,6143.918048
468.331254,106,6144.966678
627.578887,138,6146.514159
862.609743,189,6148.605274
775.89253,167,6150.213515
703.64844,155,6151.800552
995.579736,210,6155.606042
907.190921,193,6157.671632
722.593364,154,6159.252549
811.479686,177,6161.312096
438.16942,95,6162.336681
1163.074277,245,6164.949356
1008.423363,220,6168.985116
950.063604,209,6171.129326
747.869275,166,6172.741569
942.151712,200,6174.943751
1126.333121,240,6177.557254
437.866093,100,6180.414279
313.002843,67,6181.398415
431.00688,94,6181.994695
1288.111135,279,6185.109245
706.436257,143,6186.651272
708.002146,155,6188.234052
811.423356,173,6189.825325
469.451214,100,6192.632965
724.832254,163,6194.648362
811.283189,167,6196.236345
949.053936,211,6198.36216
1072.843376,226,6200.951561
620.126853,137,6204.560658
453.179316,94,6205.152861
889.915397,187,6207.231645
708.032641,152,6208.795658
624.101177,123,6210.307916
1179.732838,261,6212.9558
859.393393,177,6214.547938
839.2275,177,6218.639939
401.935687,83,6219.651618
936.464917,202,6221.760799
536.017466,121,6222.836051
813.944916,174,6224.89197
649.349797,136,6225.987785
399.727047,83,6226.992506
1528.312034,328,6232.733425
1191.980231,257,6235.384569
617.351483,135,6236.484292
1059.709857,220,6239.04745
721.272736,161,6242.275626
593.294082,136,6243.823282
576.685726,124,6244.90622
1076.734141,233,6247.480473
838.140747,178,6249.100165
833.824973,185,6251.183417
720.868973,155,6254.604654
687.004885,157,6256.184185
924.817707,209,6258.721416
453.53767,104,6259.77003
462.71117,105,6260.815091
779.215275,173,6262.443711
802.419588,178,6266.730583
833.573258,183,6268.370564
790.308515,174,6270.417146
480.870747,108,6271.472482
718.681666,160,6273.055087
571.19636,129,6274.591847
775.934076,162,6276.188642
1582.371825,328,6281.817242
521.055214,118,6282.88705
899.542653,189,6284.978965
934.42701,192,6287.061666
396.999096,89,6287.64555
906.766774,192,6291.679411
697.158881,155,6293.261163
642.45554,143,6294.836208
861.606388,184,6296.888221
540.02142,118,6297.952836
1153.535214,250,6300.569572
930.343886,190,6304.499694
774.508216,150,6306.047945
641.857403,139,6307.596982
908.639044,182,6309.217002
606.785007,120,6310.716914
610.44807,128,6311.791455
879.279862,186,6313.843273
746.823112,156,6317.267011
455.986786,90,6318.277889
994.375615,193,6320.339842
700.281824,149,6321.897215
631.580559,140,6323.441118
832.384575,178,6325.050529
681.243363,134,6328.21737
959.349005,200,6330.305184
706.198854,144,6331.848831
806.627819,166,6333.442481
686.869659,149,6334.995132
860.030382,182,6337.052126
591.644963,123,6338.122585
673.792732,145,6341.463703
808.956319,177,6343.505977
883.742363,191,6345.151072
1040.827009,234,6347.73807
1010.221588,215,6349.833052
614.936654,137,6353.079588
1108.322025,233,6355.768679
796.324144,178,6357.396204
709.071713,148,6358.945287
1109.733265,234,6361.557279
673.674797,151,6365.077759
742.01887,160,6366.661833
926.13723,196,6368.77189
586.007485,131,6370.291819
699.405488,155,6371.868691
549.211291,122,6372.95405
697.458162,162,6374.976446
565.217251,129,6377.968662
510.344213,110,6379.019687
1236.729908,261,6382.09141
531.925052,121,6383.176708
1438.919277,312,6386.356886
1052.748679,222,6390.942442
206.329571,44,6391.450675
653.16103,148,6392.586077
1114.813674,244,6395.203254
388.763369,88,6396.223305
602.962402,133,6397.760614
255.145376,58,6398.29197
647.712981,147,6399.853703
604.607065,137,6403.394129
790.319885,171,6405.001866
794.855558,179,6407.060918
1188.877385,258,6409.696245
937.583245,206,6411.816545
834.576218,179,6417.120295
775.374605,163,6419.147394
791.918167,173,6420.7773
683.073541,144,6422.333348
829.123864,179,6424.402737
642.470341,140,6425.515772
898.378525,180,6429.579066
1123.952201,241,6432.1576
670.825728,144,6433.717236
483.492703,106,6434.75587
899.543285,182,6436.807232
866.64393,173,6438.396021
703.560146,160,6442.248055
881.996225,188,6444.321923
832.276348,175,6445.939152
687.174314,152,6447.516633
1012.884764,213,6450.075747
692.594782,153,6451.65221
835.823848,178,6455.088837
790.068794,168,6457.113872
836.830462,184,6458.749026
669.878632,150,6460.311147
1175.836903,256,6463.379048
736.512439,157,6467.128065
1063.346591,230,6469.276543
539.48527,107,6470.323324
566.274814,119,6471.838127
1022.547867,211,6473.948129
1274.201923,274,6476.615131
1035.665434,218,6481.556953
783.291033,172,6483.162872
957.23248,201,6485.259867
772.375452,160,6487.29175
577.127379,126,6488.376779
728.465223,157,6491.78973
826.456899,179,6493.852562
818.637934,181,6495.492604
1075.10266,231,6498.096683
830.744058,186,6500.168803
548.705324,112,6501.229044
1322.28251,277,6505.812234
444.493536,101,6507.289735
684.407602,152,6508.861274
995.94375,217,6510.983187
428.668731,89,6512.013929
887.923833,188,6513.654778
649.562928,146,6517.76363
674.689229,148,6519.331345
561.201745,126,6520.85864
462.990965,100,6521.896793
560.361367,122,6522.970573
630.448965,135,6524.490913
699.179087,156,6526.061734
1052.779528,237,6530.343255
1260.660844,276,6533.010791
778.603051,166,6535.136398
834.858784,178,6536.748106
676.673348,146,6538.297944
796.798063,180,6542.533017
985.600041,209,6544.654191
599.124871,130,6546.186043
903.710146,202,6548.283249
2236.154208,484,6554.940118
930.532502,206,6557.077414
611.209626,124,6558.584793
604.139204,133,6560.121535
1424.034854,303,6563.257331
602.389706,135,6564.370425
689.805753,151,6568.412622
971.867064,208,6570.517365
723.526023,155,6572.530128
947.940154,203,6574.65141
702.713864,155,6576.223919
841.176912,182,6579.377038
647.829263,143,6580.938257
653.283074,150,6582.507648
671.123563,151,6584.066319
1432.438155,305,6587.232987
525.682233,116,6588.730359
561.331789,123,6591.442942
131.877726,32,6591.929814
464.889064,106,6592.965838
911.039051,195,6595.054548
917.288877,197,6597.141066
1022.629043,210,6599.240969
939.553198,209,6601.358857
556.142472,122,6604.81816
645.204948,139,6605.917779
822.997147,173,6607.966925
656.754726,128,6609.049098
982.487163,216,6611.596465
676.353099,153,6613.179351
420.371665,90,6616.028443
984.488467,211,6618.153866
352.320384,77,6618.710013
1208.449236,269,6621.812672
560.381432,118,6622.886988
925.662231,204,6624.993832
793.766116,167,6628.542453
765.406676,166,6630.555111
752.358519,161,6632.141817
404.137655,85,6633.146407
1204.895365,253,6635.776773
922.768838,206,6637.887677
951.260806,204,6642.188004
492.498862,110,6643.238884
795.872258,172,6645.292167
840.598235,184,6646.928163
623.078913,129,6648.443772
864.991792,181,6650.074476
940.059486,206,6654.451389
723.489366,155,6656.025846
589.162755,132,6657.126938
925.744311,200,6659.211106
1010.488341,212,6661.74603
390.244293,91,6662.344779
393.124488,85,6663.351305
385.930747,85,6665.96971
897.927781,198,6668.064994
727.010187,157,6669.646249
351.90895,76,6670.21021
1316.149,284,6673.341705
462.897044,100,6674.384929
581.799486,118,6675.459308
906.070868,202,6679.249576
1564.135111,339,6682.907745
898.113922,192,6684.9972
544.642795,118,6686.071296
950.402908,202,6690.541795
1040.511758,217,6693.107149
849.44958,183,6694.742218
802.716978,173,6696.782704
937.386336,197,6698.860561
959.21031,201,6702.905313
721.743398,157,6704.474342
1022.312346,221,6706.586236
670.91411,151,6708.160576
804.518182,173,6710.203714
390.518568,88,6711.222049
909.370713,200,6715.316432
725.679591,158,6716.89738
824.408952,181,6718.528929
676.124744,146,6720.091602
790.853884,174,6722.135916
1051.163938,221,6724.269459
1494.723885,313,6730.08926
547.375367,119,6731.149083
906.069894,193,6733.218287
920.92917,196,6735.299815
1097.843081,229,6737.456694
884.718878,195,6741.819299
1214.934471,253,6744.449889
697.187833,151,6746.032449
807.828719,180,6748.093825
808.99122,178,6749.727361
878.694459,194,6754.908443
601.843412,132,6756.448151
647.237622,149,6758.018699
516.765774,108,6759.070895
1073.236415,222,6761.663017
775.964606,171,6763.280243
792.826571,178,6767.272656
462.776087,104,6768.331314
562.864172,120,6769.402797
513.420291,111,6770.468636
653.724398,142,6772.025566
657.674601,140,6773.57037
1038.324218,220,6775.717261
698.354142,157,6779.239643
417.941343,87,6780.25611
636.471283,137,6781.804876
1022.6247,220,6783.966598
655.75255,144,6785.524168
820.303814,172,6787.563654
821.440613,182,6789.190145
652.632628,141,6792.654768
1119.066569,235,6795.244774
1114.909976,243,6797.859507
738.57469,165,6799.446191
792.021564,176,6801.065015
1102.199677,241,6805.525113
637.108644,140,6807.075227
770.122214,166,6808.681632
848.072104,179,6810.740694
824.444148,180,6812.790879
1527.674284,321,6818.083003
745.17852,167,6819.685199
1030.534066,216,6822.248977
1139.668308,234,6824.387406
486.877186,110,6825.873417
1254.836367,264,6831.374156
703.446203,156,6832.95983
786.167893,177,6834.589688
1252.654962,276,6837.693917
636.012412,142,6839.233232
1311.132221,274,6843.902173
945.169799,196,6845.990578
788.363718,175,6848.046279
500.837199,107,6849.090725
712.080931,147,6850.646638
809.428121,180,6852.272893
853.562756,187,6856.384312
711.437969,155,6857.966585
820.173781,183,6860.038533
878.153471,189,6862.119314
942.56959,196,6864.195194
1331.380199,274,6869.265643
845.24867,187,6871.336466
575.329006,132,6872.453344
463.725592,106,6873.946044
681.396798,151,6875.528333
929.418427,203,6877.628758
858.032883,179,6881.158873
651.780813,147,6882.731839
416.400505,91,6883.74957
751.065651,168,6885.367336
1057.866532,222,6887.935659
460.352026,94,6888.951427
1046.439684,229,6892.935665
693.871048,146,6894.581708
906.838707,183,6896.622118
855.790154,190,6898.704011
1044.899305,217,6900.868671
641.716487,144,6902.431966
666.017989,151,6906.121197
729.640788,162,6907.724932
738.300861,155,6909.305665
570.896147,132,6910.841958
985.980596,211,6912.954004
538.189379,126,6914.488646
1177.239738,244,6918.956543
721.425111,156,6920.978167
937.178328,202,6923.074953
875.233258,184,6924.714884
1240.446024,275,6927.807208
1231.490441,258,6932.668846
875.115737,193,6934.755115
896.013086,197,6936.84933
730.871609,162,6938.443624
718.607414,165,6940.035844
687.345673,157,6944.113531
583.40467,136,6945.639441
1037.268452,212,6947.750986
729.981514,162,6949.763048
620.958225,144,6951.316239
747.447357,168,6952.925169
996.68804,219,6957.432149
884.925164,187,6959.50795
1631.436299,345,6963.166215
829.888884,174,6964.78861
1080.868264,238,6969.356279
654.796359,146,6970.921504
583.163527,134,6972.453164
1222.151686,261,6975.094233
1204.321614,251,6977.731983
787.435641,179,6982.557727
758.90231,172,6984.16473
1072.611087,225,6986.749295
1073.589553,238,6988.907374
897.85579,196,6991.005873
1071.740906,226,6996.025971
2453.469953,525,7001.368211
1111.069084,246,7003.987421
1905.382459,409,7010.509221
813.824518,180,7012.572877
696.029055,157,7014.151782
753.711318,167,7015.759915
756.828699,168,7017.801209
763.860883,160,7021.897088
1067.235891,227,7024.503207
682.806194,153,7026.091161
766.665693,164,7027.687384
558.360272,127,7028.780149
903.545291,188,7030.853045
299.31709,61,7033.66862
1248.202019,263,7036.757013
822.176213,180,7038.390104
1213.955543,260,7041.04058
1043.520316,216,7043.615734
1339.158854,284,7048.366101
956.743213,206,7050.905782
939.357098,207,7053.033154
770.051127,170,7054.65264
789.775897,177,7058.891695
868.868458,190,7060.548787
967.700807,219,7063.110402
1465.397277,314,7066.282245
716.070292,162,7067.882557
949.63693,207,7071.802545
721.974108,160,7073.882685
745.913796,169,7075.547316
969.019781,206,7077.681672
871.914518,192,7079.788324
828.663543,178,7084.237799
617.27692,129,7085.349096
921.950193,202,7087.430387
1477.657929,319,7091.06058
679.158138,151,7092.631954
735.070394,165,7094.234691
1074.787357,233,7099.038445
982.168967,218,7101.185463
1217.857451,263,7103.913654
372.578949,85,7104.943138
542.198929,119,7106.036451
1013.458304,221,7110.768554
1021.953377,224,7112.961776
1203.209111,246,7115.600071
518.897518,115,7116.713358
770.710139,168,7118.776156
817.524142,179,7122.67331
699.076682,152,7124.282273
674.505665,145,7125.878461
867.15847,184,7127.970198
976.848673,205,7130.08632
802.691214,171,7131.73183
1704.115663,357,7138.013955
842.657361,179,7139.655534
983.638952,202,7141.77821
446.124712,94,7142.818644
1085.930533,245,7145.476434
648.316734,149,7149.291167
1078.932592,228,7151.928071
781.560063,164,7153.533139
961.489516,205,7155.681251
845.024828,178,7157.342543
1017.348446,224,7162.37203
624.359604,139,7163.958189
887.92109,190,7166.086848
769.813094,170,7167.732234
930.973888,205,7169.868117
780.265763,164,7171.492721
890.073421,186,7175.47913
586.004712,131,7177.047116
555.356666,126,7178.154109
506.676411,108,7179.232293
866.797348,194,7181.346859
714.659474,154,7182.970703
346.952421,76,7183.983541
818.623089,174,7187.789206
909.618145,202,7189.851331
468.490465,102,7190.890237
501.154093,119,7192.395448
1264.817664,266,7195.054948
483.657075,105,7196.100271
512.307633,117,7200.270434
806.242284,166,7201.856861
550.934455,126,7202.947717
957.946961,213,7205.509439
990.312853,212,7207.62666
744.968825,156,7209.184763
738.530575,168,7213.141882
742.485595,164,7215.16118
360.770846,81,7215.730165
749.515742,167,7217.754189
655.713127,151,7219.328609
1205.768961,256,7221.962325
670.253018,151,7225.80926
725.058243,162,7227.40559
450.035785,99,7228.43747
571.423429,132,7229.976988
489.44311,104,7231.019634
357.027852,82,7231.588384
661.721266,146,7233.145128
1077.425055,230,7237.823453
753.007419,167,7239.433711
468.410523,105,7240.478276
461.025533,103,7241.53022
1263.030334,268,7244.605877
735.417743,159,7246.184693
970.051278,206,7250.316051
830.922897,183,7252.363262
755.788148,157,7253.971652
812.050327,171,7255.617717
630.909556,138,7257.196058
320.768704,74,7257.772258
563.608359,124,7259.307573
818.750212,186,7264.035883
1791.590649,380,7267.858946
590.641467,126,7269.398867
725.003354,157,7271.027641
676.577707,148,7272.626556
1111.094992,233,7277.453452
781.779581,179,7279.09909
649.026305,141,7280.66834
659.197135,157,7282.276799
557.231533,118,7283.369662
976.96641,205,7285.949654
1036.461259,212,7290.288113
876.995607,180,7291.926375
675.575457,152,7293.508626
787.401994,175,7295.592298
881.646213,195,7297.727417
600.146868,130,7298.851051
1193.448298,249,7303.838937
633.238761,139,7305.408158
1166.950555,242,7308.000987
686.00024,146,7309.544626
913.785705,184,7311.595994
1002.886341,203,7316.406366
869.160515,176,7318.020982
579.742339,123,7319.539941
807.587711,163,7321.129392
1076.014937,238,7323.735093
579.596649,121,7324.819638
311.085697,75,7327.423409
394.410466,90,7328.012594
226.585812,50,7328.532454
870.743268,195,7330.61211
825.386829,180,7332.642858
924.77597,198,7334.723407
941.544113,208,7336.821716
1106.500347,234,7341.939985
1700.709236,348,7345.606584
693.149526,151,7347.173293
1307.412345,279,7349.866721
696.049945,155,7353.764051
613.426838,141,7355.302906
1001.572553,205,7357.379925
514.817302,114,7358.869394
683.141683,147,7359.997458
751.359773,157,7362.003161
891.277114,190,7366.217246
614.082967,136,7367.754352
879.481187,192,7369.838292
558.685369,124,7370.929627
366.622381,85,7371.944245
783.963639,172,7373.994696
414.595033,91,7374.584635
521.343206,118,7376.094102
400.861326,92,7378.816419
727.85713,164,7380.423519
455.148979,107,7381.474085
610.970427,129,7383.003854
332.113269,77,7383.566157
590.182657,121,7385.095332
595.267781,138,7386.190389
639.314249,145,7387.734426
500.183354,106,7390.281899
351.792543,83,7391.282296
505.56936,108,7392.326046
607.212557,130,7393.850534
529.585088,123,7394.92524
548.049484,119,7396.43125
495.02613,103,7397.466791
243.512783,53,7397.988863
816.365535,180,7399.609108
726.543452,152,7402.728313
561.088785,127,7404.236758
468.986757,107,7405.293083
981.710579,214,7407.424112
870.157321,175,7409.443097
531.547161,115,7410.503953
450.961995,107,7411.555363
637.087346,142,7414.917741
568.145665,117,7415.987267
1283.081135,272,7419.092369
722.514011,153,7420.655385
668.696597,144,7422.199502
635.496521,144,7423.748139
694.560551,157,7427.538047
529.843023,117,7428.613868
848.201295,181,7430.680592
476.34744,107,7431.724025
549.872357,128,7433.238097
703.07818,157,7434.902866
773.976898,172,7436.515977
624.068957,135,7441.094952
478.052462,113,7442.163346
1075.886784,225,7444.734016
700.760278,158,7446.324089
868.346197,192,7448.401169
643.412814,151,7449.964711
581.367433,115,7453.057394
505.242982,114,7454.124108
644.023851,134,7455.66101
785.287351,171,7457.263008
784.073402,176,7459.321272
845.830553,179,7460.93443
568.458981,134,7462.480339
485.591643,101,7465.714911
529.796126,128,7467.237905
378.213171,90,7467.821281
593.199377,130,7469.341092
480.627751,111,7470.406211
445.720139,94,7471.432156
683.844059,148,7472.99269
483.892718,109,7474.052611
457.218454,93,7475.078978
1080.593486,230,7479.433283
491.673524,112,7480.517039
1852.624843,387,7484.67348
1212.104824,269,7487.307446
1352.267617,293,7492.582355
1309.950372,265,7495.223048
706.642943,153,7496.782795
1265.198498,261,7499.854131
501.391213,100,7502.406705
591.275536,125,7503.488544
976.624106,212,7505.606911
837.723612,183,7507.67256
847.518226,192,7509.741841
908.311904,196,7511.836041
1263.321329,267,7516.557084
700.483164,154,7518.135754
398.871229,87,7519.145249
880.072237,186,7521.203933
354.30878,79,7521.768194
662.988151,141,7523.31834
745.467492,151,7524.873621
335.425932,68,7528.129318
1082.312266,226,7530.708722
981.092226,215,7532.831982
538.749733,105,7533.87317
966.60277,193,7535.939298
792.87926,176,7537.988709
862.058307,186,7541.557317
722.681244,161,7543.590249
941.159989,209,7545.716364
608.77706,126,7546.811387
661.172545,132,7548.337861
806.489125,175,7549.938224
499.400644,103,7553.234992
558.394561,126,7554.753146
1005.824997,210,7556.854967
1162.346941,242,7559.471436
1179.567595,247,7562.08956
463.104396,103,7563.131413
695.885046,150,7566.870284
793.587135,171,7568.486664
809.985308,175,7570.519046
738.551468,156,7572.096278
871.247547,192,7574.183849
979.060919,208,7578.93135
1451.922836,314,7582.112576
937.75754,208,7584.671289
738.785954,159,7586.239409
1003.080012,219,7588.356938
664.484169,145,7592.508196
927.957688,193,7594.578694
678.664147,146,7596.150722
1060.792794,225,7598.30602
743.795997,168,7600.338142
727.406347,147,7601.883848
802.850605,173,7605.774462
826.314803,177,7607.836104
1014.103579,215,7609.973531
1210.306116,258,7612.631007
1432.854691,302,7618.166064
1407.190765,306,7621.329809
1092.445186,242,7623.946607
548.448266,114,7625.019949
948.004236,212,7627.580146
988.952275,210,7632.13304
931.060229,210,7634.255347
661.742384,146,7635.818201
1258.691453,280,7638.501378
1263.576863,269,7643.993012
874.356296,180,7645.611369
917.462334,193,7647.68211
431.381168,96,7648.714389
898.056535,199,7650.809308
1262.220024,264,7653.451996
980.75392,206,7657.966038
1109.366625,232,7660.107149
1155.511891,254,7662.738169
1542.528384,328,7668.442234
750.199681,157,7670.010098
786.817045,169,7671.597468
525.540362,116,7673.085931
611.757078,131,7674.172226
474.971968,99,7675.208016
602.43795,132,7676.736354
231.658712,50,7677.252831
553.858302,126,7678.326342
582.019904,119,7681.339092
1118.083166,253,7683.958401
268.442175,60,7684.490257
598.429824,130,7686.019821
221.99662,50,7686.53717
622.718442,133,7687.622343
578.753777,126,7689.133882
270.853589,62,7689.669108
154.359429,34,7690.158667
227.919192,53,7691.969104
479.410113,107,7693.020353
528.293435,120,7694.110336
473.857368,108,7695.602849
830.411721,179,7697.213735
467.674934,102,7698.24886
1418.923174,304,7701.412848
592.759616,133,7704.552163
467.090852,100,7705.590867
527.138349,122,7706.66304
388.87347,85,7707.673911
400.87311,86,7708.691963
714.593571,160,7710.279668
585.242235,125,7711.787395
688.7088,159,7713.362535
200.865364,46,7713.872024
247.101513,58,7715.838977
501.656494,108,7716.884543
1150.001212,252,7719.50668
547.777517,128,7721.03397
590.683937,133,7722.12624
695.559509,156,7723.699975
1786.663806,382,7730.011283
962.451681,214,7732.135663
1177.041782,247,7734.729309
825.612815,178,7736.805615
963.125015,213,7740.877749
668.560068,139,7742.416036
905.242282,198,7744.516647
490.649075,100,7745.567653
798.384966,168,7747.148962
896.283688,195,7749.230817
637.665061,146,7750.796932
681.334658,150,7754.640414
538.642256,113,7755.696855
900.243453,199,7757.789474
714.527224,150,7759.342661
706.887939,143,7760.896125
691.547111,144,7762.444106
1634.856583,340,7767.574695
535.861688,114,7768.636137
760.910401,158,7770.217432
609.609485,125,7771.72894
853.665415,183,7773.361649
1743.141195,367,7779.735893
906.333748,202,7781.835192
868.200565,180,7783.469828
761.830696,162,7785.503861
464.740649,96,7786.093271
811.283779,171,7788.133501
901.568165,198,7792.405396
1198.720828,249,7795.148145
853.771624,186,7797.222616
1225.053469,273,7799.885025
530.446906,107,7800.941965
371.779448,73,7803.727051
650.626737,137,7804.833739
642.966448,137,7806.375003
516.49127,103,7807.413859
660.714912,145,7808.962449
643.453141,127,7810.475943
939.419509,204,7812.563337
693.432303,141,7815.646932
546.033253,120,7817.144865
604.186672,138,7818.685737
1203.097387,247,7821.285455
719.567609,157,7822.856879
841.828322,184,7824.494116
762.07469,168,7828.626634
677.242098,147,7830.189025
446.30388,94,7831.21185
800.027205,173,7832.835301
973.855184,205,7834.947606
768.742311,159,7836.518502
608.228168,123,7838.040076
893.214123,195,7842.901295
889.639798,197,7844.99451
979.073442,213,7847.128464
558.42424,117,7848.202744
975.331513,208,7850.297429
836.040394,181,7854.427375
583.741261,125,7855.504723
557.647628,125,7857.019444
708.37098,161,7858.609316
790.830393,172,7860.641602
1013.692242,212,7862.755966
984.646151,206,7866.664469
630.026078,123,7867.752922
844.693247,181,7869.806081
451.49458,88,7870.826309
1081.236678,238,7873.42054
1370.746442,287,7876.110785
800.126429,170,7880.399034
455.701418,104,7881.453964
600.176363,127,7882.546283
630.731184,143,7884.106339
1321.82975,283,7887.242668
896.732438,201,7891.1332
802.364475,178,7892.773746
899.753635,189,7894.858303
408.875448,100,7895.895569
228.767064,54,7896.417845
778.958233,174,7898.477929
358.19945,81,7899.051357
444.687588,100,7900.101778
623.734584,139,7903.064389
268.652502,59,7903.602283
315.058267,68,7904.591051
341.691102,80,7905.173668
391.323473,89,7906.212775
378.836035,90,7907.255637
319.107764,71,7907.819943
656.036437,146,7909.383377
519.043147,119,7910.902966
356.04451,82,7911.473576
319.776418,71,7912.456738
657.902168,162,7917.400158
773.038123,172,7919.008864
1236.260315,272,7922.102564
1423.627781,310,7925.303532
1026.150229,216,7929.840272
968.484043,199,7931.946159
1203.409752,257,7934.583678
565.999541,123,7936.104599
814.170937,174,7937.711355
1459.261541,304,7944.07461
594.250395,122,7945.573857
851.428703,176,7947.169441
1183.935652,238,7949.731654
645.394332,130,7951.252346
2779.142444,594,7959.190323
826.750549,170,7960.775049
412.46047,89,7961.796235
1076.578124,223,7963.909085
1206.867912,264,7968.972288
712.927984,156,7970.551238
834.958188,178,7972.173741
639.036047,145,7973.788282
606.824993,125,7975.366344
1116.215089,242,7977.980771
1163.701117,253,7982.856552
713.121071,160,7984.4427
864.768734,183,7986.093117
710.889596,158,7988.111787
649.026842,142,7989.227876
1005.592934,218,7994.078803
1255.600042,269,7996.725046
869.53637,194,7998.80941
783.353973,174,8000.858655
1097.210394,236,8003.020222
1005.086853,213,8007.508091
845.346676,181,8009.13656
840.352565,186,8011.211012
1033.130237,223,8013.35173
712.219556,159,8014.938237
1019.758496,218,8019.883697
1155.902497,239,8022.482286
940.367926,200,8024.578889
531.616315,114,8025.633768
718.550935,161,8027.222599
895.316096,194,8031.594468
1130.89522,246,8034.242717
821.069487,176,8035.863095
410.556818,92,8036.889945
379.719173,82,8037.893588
730.874102,158,8039.479445
873.538724,194,8041.58207
1264.75576,281,8047.10519
726.883938,164,8048.690855
641.887748,135,8050.225642
509.730498,110,8051.29074
1933.465219,413,8058.098941
725.525181,145,8059.64164
505.343618,112,8060.703884
612.855071,133,8062.237269
514.860208,118,8063.312966
715.095132,161,8064.908154
820.871437,185,8066.986542
554.424615,129,8070.613243
886.009717,199,8072.710349
953.88577,213,8074.82363
875.779348,194,8076.896537
873.60406,191,8078.981237
631.58554,137,8080.075922
928.056377,198,8084.635709
1101.454694,232,8087.222008
739.078847,154,8088.785243
706.510216,149,8090.358331
771.749925,166,8091.958187
761.497095,158,8096.331565
226.773059,47,8096.41473
225.971173,47,8096.925401
718.516851,149,8098.49291
1248.944704,261,8101.587841
1113.299169,233,8103.7589
761.219276,164,8105.7937
1096.817438,229,8110.51091
1011.323581,211,8112.622102
756.344947,167,8114.6621
783.191123,171,8116.270673
1066.712429,226,8118.865933
784.876978,175,8123.125281
987.570378,208,8125.247659
754.484403,166,8127.290631
1532.894396,323,8130.490801
749.45892,164,8132.088125
800.103405,175,8136.246418
991.925616,209,8138.371395
689.274497,151,8139.92942
925.881034,186,8141.98633
781.039783,170,8143.576059
715.28164,149,8147.276536
614.700473,135,8148.802262
584.01881,130,8149.886241
823.888532,181,8151.950089
1067.79938,230,8154.616015
812.450137,172,8156.225294
514.239458,114,8157.287538
682.748364,137,8160.829556
723.830702,169,8162.436519
787.277366,163,8164.447319
568.307384,128,8165.533593
740.218987,167,8167.567847
537.007216,114,8168.625783
623.997938,140,8172.54034
455.531572,104,8173.585397
480.717985,107,8174.64198
1128.989102,239,8177.256151
700.489041,158,8178.837596
1225.891099,259,8181.486814
534.382294,116,8182.546035
834.018512,185,8187.117958
601.964104,116,8188.185069
614.529209,138,8189.73147
1167.494572,256,8192.379655
400.293457,83,8193.391981
515.260049,108,8194.441142
975.885893,205,8198.747562
854.634193,183,8200.807962
822.474943,173,8202.409304
535.130372,119,8203.910711
434.35923,87,8204.488961
694.635835,150,8206.052004
388.231039,77,8207.043144
794.818283,181,8212.106371
1684.343163,343,8215.322726
1280.88601,277,8218.408855
750.876516,164,8220.000591
802.050784,178,8224.851957
1102.259556,235,8227.468647
1042.505504,212,8229.591066
1266.827334,276,8232.272306
3347.406491,713,8243.250486
1206.40525,266,8245.910219
896.960396,196,8247.997324
966.968671,216,8252.630943
366.031764,75,8253.623178
893.555119,197,8255.713814
954.733631,198,8257.8018
872.435896,195,8259.451605
1563.411634,328,8265.565316
1021.799839,225,8267.732449
1231.81793,252,8270.801788
668.471479,143,8271.914537
1409.463509,296,8277.277701
927.669217,192,8279.349552
983.713811,214,8281.468435
1459.771382,309,8285.070733
580.475431,126,8286.148538
478.644799,101,8287.190219
225.292193,47,8289.813988
633.616702,137,8291.35959
839.337905,180,8292.979558
968.573938,205,8295.512694
568.035392,117,8296.576227
1151.590624,244,8299.168861
217.263319,46,8299.681232
1474.666674,311,8305.111236
620.346972,117,8306.17766
777.178222,174,8308.208701
622.035113,131,8309.311958
1091.575778,238,8311.901985
663.581376,143,8315.575212
1798.204383,379,8319.723947
657.492474,133,8320.824817
1755.631952,371,8324.961256
896.989289,207,8329.363796
832.059845,170,8330.965536
1734.374287,364,8334.749758
843.01547,186,8336.829516
847.353887,187,8341.311005
890.946146,191,8343.396708
780.786692,171,8345.01288
1005.678294,220,8347.603356
913.077957,188,8349.242745
1267.800684,271,8354.38971
515.68181,116,8355.446299
567.969457,121,8356.529304
807.678125,174,8358.589538
710.615854,158,8360.176764
773.104336,164,8361.76028
968.864017,204,8366.033406
904.032971,199,8368.128941
802.747699,175,8370.193448
728.329855,153,8371.767464
773.534595,172,8373.377295
582.406816,127,8374.898032
985.88096,218,8378.781522
1143.439098,240,8381.389304
1056.747588,225,8383.959027
552.413886,111,8385.016204
776.184194,160,8386.609005
530.311085,119,8387.693284
512.491628,114,8391.092947
702.354067,151,8392.651708
805.244828,161,8394.231393
1643.350103,352,8397.941669
521.843113,116,8399.016991
790.875382,173,8403.607886
585.036168,121,8404.685095
971.926162,202,8406.794079
1647.841613,352,8410.515713
1214.203017,261,8413.154669
727.059284,164,8417.39808
475.9164,104,8418.44083
949.722561,209,8420.559553
648.695628,138,8422.115336
1000.17957,221,8424.261701
1215.845611,257,8429.135322
770.191799,171,8431.175194
836.516604,184,8432.803186
661.225396,146,8434.354585
742.085699,164,8436.385226
1160.867736,252,8439.018111
685.058723,148,8442.503792
1000.218825,213,8444.624238
911.87488,193,8446.702649
980.670174,216,8448.809143
1796.001794,388,8455.714423
777.306546,169,8457.316825
790.524622,158,8458.9041
601.142849,140,8460.449586
1204.907352,261,8463.10955
1348.220117,285,8468.878635
993.526684,218,8471.011525
947.528904,203,8473.565434
1041.699129,232,8475.703586
601.129071,130,8477.225736
774.031814,176,8481.802371
740.574259,165,8483.82313
864.023281,188,8485.453701
826.636272,181,8487.515215
760.042697,176,8489.10625
716.419577,155,8491.098725
1185.634227,259,8496.248528
834.747272,179,8497.855182
478.637588,92,8498.874225
769.548032,173,8500.918113
507.895875,111,8501.97102
909.774865,202,8504.069206
1173.56101,244,8508.55217
757.670447,165,8510.151753
484.156377,100,8511.187322
951.711803,206,8513.2937
755.545704,163,8514.975727
812.010856,177,8519.471414
548.285021,120,8520.551537
869.53712,194,8522.630508
633.814605,145,8524.193218
1353.866478,300,8527.317738
655.05362,146,8528.891929
764.076281,160,8532.772951
878.225893,198,8534.869415
892.495968,198,8536.969262
1465.734619,327,8540.586055
882.709486,192,8544.91972
804.375694,183,8546.559329
846.274146,188,8548.629624
942.77767,201,8550.736324
1106.323742,243,8553.336461
467.311944,99,8554.375396
748.708504,146,8557.735682
319.664815,72,8558.291577
656.170074,141,8559.846346
768.511235,167,8561.447434
781.742461,171,8563.492768
627.619132,141,8565.057017
483.98751,117,8566.127322
891.971693,170,8569.837564
478.322131,109,8571.338164
1041.223433,227,8573.495317
816.446943,163,8575.075026
2888.961208,604,8584.044674
1011.484624,214,8586.604476
1311.354959,284,8589.29632
687.276021,155,8591.301408
1577.18158,330,8597.294794
1151.236321,239,8599.907765
808.637231,175,8601.531769
1096.03648,230,8604.123306
1038.214333,223,8606.269767
602.33348,134,8610.574301
412.619997,90,8611.592265
609.973572,132,8613.122997
651.472449,141,8614.231762
1282.014096,269,8617.328068
1394.84142,300,8622.10058
483.103001,104,8623.139896
1128.676677,237,8625.740998
1058.961448,216,8627.849853
729.058166,162,8629.434327
1235.180571,262,8634.25238
849.557679,187,8636.316772
1395.883896,293,8639.431105
796.362403,172,8641.018202
1750.232198,370,8648.021713
1839.749419,387,8652.187296
986.181778,206,8654.272089
1503.818514,323,8657.473834
698.620581,147,8661.38174
549.914544,128,8662.904105
498.234604,105,8663.947659
1589.206292,343,8667.638909
843.654823,178,8669.259142
1026.648312,214,8673.734699
355.792888,73,8674.728346
1166.826652,242,8677.328001
317.82703,74,8677.889913
745.918704,176,8679.919717
348.507183,80,8680.483151
1113.666001,236,8683.079141
684.054344,146,8687.457097
646.242533,144,8689.020634
443.106975,103,8690.058429
334.076758,80,8691.05206
863.089467,187,8692.684434
1071.332027,229,8695.369912
330.270885,74,8695.922907
1861.631308,402,8702.61298
1643.131115,347,8706.303418
946.361269,192,8708.390967
1217.556443,263,8713.193752
575.190669,123,8714.706916
647.171725,145,8716.271049
1032.190923,230,8718.432411
793.14488,171,8720.477371
927.626385,212,8724.635824
583.902107,130,8726.166261
780.700005,165,8727.754803
608.551186,133,8729.291628
708.844408,158,8730.869755
1480.102483,323,8734.062805
840.279123,184,8738.379971
403.944396,93,8739.402835
762.51564,172,8741.015083
592.305868,138,8742.546271
375.973164,87,8743.558032
670.63421,146,8745.120776
457.19861,108,8746.164276
579.232081,128,8747.255821
374.481629,88,8750.12343
858.579468,192,8752.205971
1527.282478,333,8755.839847
437.426615,92,8756.431633
1297.71569,271,8759.516639
612.106704,129,8762.570132
747.177514,167,8764.599834
348.846841,75,8765.153743
337.013812,78,8766.14678
376.42709,87,8767.155551
491.606998,113,8768.201161
459.423325,96,8769.228798
1302.857197,280,8771.867438
632.521295,135,8776.699913
413.387092,89,8777.709952
1028.98545,222,8779.843004
409.259048,91,8780.864428
854.209688,180,8782.927685
614.249462,136,8784.024268
343.803104,84,8785.035948
680.011022,148,8788.171997
600.371457,127,8789.699696
769.017062,162,8791.282948
373.187405,88,8792.293229
766.467628,168,8793.888682
619.028989,140,8795.437534
840.180141,190,8797.501103
699.151619,148,8800.902242
371.03812,80,8801.463871
358.311609,83,8802.494071
693.041838,149,8804.084501
378.964057,91,8805.132239
518.731707,119,8806.221098
921.617894,194,8808.345323
440.784393,104,8809.424349
391.659239,89,8812.102707
610.790343,130,8813.238552
279.029569,65,8814.232401
536.297902,111,8815.311524
447.009181,92,8816.35983
802.527601,169,8817.998339
454.392336,95,8819.051897
1016.885363,212,8821.233388
608.194382,123,8824.461349
445.978566,100,8825.532641
1419.001587,307,8828.769117
464.038523,107,8829.833165
412.689418,91,8830.881995
858.67676,174,8832.496876
427.378069,89,8833.532356
880.224505,192,8838.275242
519.824938,101,8839.328171
296.14417,71,8839.900238
237.453533,48,8840.416718
692.779444,156,8842.021308
1005.608997,210,8844.609402
551.1094,116,8845.720968
850.71277,189,8847.849875
1068.145959,234,8852.375164
793.591071,165,8854.456262
985.091136,214,8856.626467
819.096728,179,8858.297354
959.047265,200,8860.431341
2340.45677,494,8868.237777
509.166736,110,8869.760424
515.408141,104,8870.817807
557.647913,127,8871.918108
909.014584,203,8874.108094
483.276154,104,8877.376243
496.729556,110,8878.875653
704.026693,155,8880.445929
875.027278,183,8882.091314
632.131651,143,8883.650375
1338.266949,292,8886.797246
998.609806,216,8891.183646
635.522725,142,8892.740757
1217.096923,255,8895.373228
970.754847,215,8897.933787
1023.586189,222,8902.778035
608.763704,138,8904.318261
773.948567,166,8905.903062
1351.857966,286,8909.021519
541.591525,121,8910.089974
557.015674,110,8911.138086
1154.670772,257,8917.571448
968.236755,206,8919.671856
1370.163771,297,8922.794564
630.897703,134,8923.904716
439.31279,91,8924.931221
1071.780196,225,8929.838067
622.205157,134,8930.943398
809.432794,174,8932.985109
1380.232097,292,8936.125702
948.256278,205,8938.23068
1588.748839,348,8944.562346
1442.249623,316,8947.742465
753.392767,166,8949.352767
1742.341587,378,8956.546582
656.281064,133,8958.085471
1417.098017,301,8961.271012
1779.141465,374,8965.020012
289.364058,58,8965.552877
769.433663,169,8969.555194
1045.546676,230,8971.722043
744.989823,163,8973.320844
850.710066,195,8975.414119
596.721106,119,8976.916228
901.977574,197,8981.488087
930.965641,196,8983.590279
1174.99403,241,8985.721832
319.243106,64,8986.70224
788.728269,167,8988.30698
1481.656739,310,8991.50017
667.68165,149,8995.597278
565.668897,126,8997.120134
1490.059169,323,9000.319288
1709.222709,370,9004.490816
974.704051,206,9008.707833
1070.186401,234,9010.872788
762.681098,160,9012.863175
652.072469,152,9014.438914
431.651342,87,9015.015166
520.40828,124,9016.531405
735.839095,167,9020.763446
937.802822,210,9022.897678
993.805217,210,9025.459334
1232.789771,262,9028.113744
774.248801,173,9029.746859
781.003753,176,9034.325453
912.965492,200,9036.424703
1049.006899,231,9038.579578
890.78271,197,9040.678741
902.828844,193,9042.773549
1285.984459,268,9048.852006
556.892435,126,9049.925666
855.287295,185,9051.973718
432.015233,96,9052.999809
613.739405,127,9054.157052
717.582128,148,9055.74708
592.480162,134,9059.414711
580.505089,126,9060.50205
1098.231659,229,9063.089134
906.992848,196,9065.185182
602.777759,139,9066.731442
703.928581,141,9068.279011
631.025148,132,9069.382544
1467.950327,312,9074.698138
1109.186999,236,9077.306961
775.252988,163,9078.881733
664.955892,154,9080.442472
678.543023,145,9081.995711
1194.068512,254,9086.992307
818.457322,175,9089.033184
636.765402,137,9090.577057
804.900965,174,9092.185728
611.551798,133,9093.717149
972.335417,209,9097.978912
894.145752,191,9100.060766
524.801713,99,9101.096682
675.276104,163,9102.687334
837.32653,187,9104.757737
842.176276,173,9106.361204
960.209527,208,9110.621789
747.104326,157,9112.632468
1273.147324,270,9115.293371
474.28413,105,9116.333602
674.943656,145,9117.900258
602.428119,133,9119.440325
739.62502,156,9123.106792
404.661212,80,9123.679693
927.034983,205,9125.782534
508.717954,114,9127.288722
438.699638,99,9128.321068
1196.560134,259,9130.947474
694.227133,149,9132.524259
1110.223453,233,9137.490536
224.722285,45,9137.566443
931.587961,200,9139.677393
1526.757607,319,9143.276803
805.315505,178,9144.909126
881.70594,193,9149.62703
717.203251,158,9151.219052
1087.498102,237,9153.82846
1416.912796,297,9156.967404
717.158391,163,9158.570369
855.055842,189,9162.955652
570.169956,120,9164.044249
1763.982808,370,9168.196387
602.064333,138,9169.743787
932.848894,197,9174.637032
883.624053,182,9176.247657
1309.175674,283,9179.365671
1853.871668,396,9183.572791
729.384101,161,9187.638503
1849.073095,403,9191.882468
910.338025,199,9193.980434
1680.214961,362,9197.672971
879.185681,197,9202.511187
1014.504999,215,9205.076469
587.847259,132,9206.178058
1076.492463,229,9208.775278
755.475649,165,9210.37449
638.862434,143,9214.522387
627.932762,128,9215.605092
1165.729236,244,9218.219183
569.027551,131,9219.756822
661.886136,148,9221.325995
766.78783,169,9222.92903
1387.166443,297,9228.422905
729.26417,164,9230.450143
1098.370751,228,9232.604273
1274.546468,265,9235.34295
1004.679533,211,9240.478911
112.818683,25,9240.518864
1206.875027,254,9243.161141
749.374749,168,9245.219709
832.085169,176,9246.850848
1109.927207,234,9249.456119
369.092395,79,9250.015946
525.133244,113,9254.392884
975.407785,202,9256.495617
978.58312,210,9258.622263
891.84297,187,9260.713911
744.117772,167,9262.32291
1167.781392,256,9268.142439
902.985764,200,9270.257785
925.633076,200,9272.365137
1089.853191,228,9274.964716
1474.223203,316,9280.781857
1258.141614,276,9283.45945
1469.724903,316,9287.096053
1144.810702,243,9289.716457
1346.272415,286,9294.982344
927.869682,199,9297.083858
882.71517,188,9299.143576
872.84456,193,9301.229192
931.525248,205,9303.335901
1333.477715,283,9309.385338
1025.957277,227,9311.546051
807.30825,168,9313.589512
1719.01717,379,9320.288502
1273.831201,268,9323.387623
1704.445271,357,9327.078573
586.630108,125,9328.154255
1063.174315,235,9333.508262
1175.750792,246,9336.13346
790.105483,169,9337.739179
1133.087316,253,9340.35419
1146.730276,253,9342.965203
1087.068208,233,9348.271303
671.484519,139,9349.804163
544.075102,109,9350.847977
1132.22087,244,9353.462883
1821.726392,395,9360.741989
1380.659903,289,9363.455706
754.456641,155,9365.469966
1449.964848,304,9368.649089
356.529498,73,9369.214147
1044.473793,233,9374.489178
857.384701,184,9376.134755
1174.608361,242,9378.794966
942.378749,197,9380.920656
1006.778237,221,9383.513086
937.966106,196,9389.381013
540.775728,115,9390.488695
613.622954,136,9392.068749
791.104072,160,9393.675098
817.950683,173,9395.332572
1057.145611,227,9397.987825
1262.427026,260,9402.948147
806.771157,170,9404.568343
1071.828539,235,9407.255322
870.825068,191,9409.377452
1554.715097,326,9416.066071
1250.781726,262,9419.168455
909.404995,198,9421.263416
1274.67125,277,9423.947652
2237.361508,480,9432.140665
1608.350442,343,9435.818857
1535.821383,326,9441.619337
654.80897,143,9443.173296
769.047321,167,9444.77001
819.270588,175,9446.821895
1268.077013,274,9449.496713
562.715151,126,9451.025409
827.177796,172,9455.945367
1237.490456,263,9459.039074
680.412599,148,9460.61034
675.905381,142,9461.720511
1092.209014,233,9464.325324
2010.374114,436,9472.296141
656.49131,143,9473.855311
777.100393,169,9475.453027
575.131235,121,9476.534302
1672.880582,344,9482.834043
1140.443672,239,9485.438574
1238.994797,269,9488.087767
910.114041,193,9490.174674
802.618301,181,9492.232023
740.582159,161,9497.175598
911.692415,199,9499.270264
1593.230515,337,9502.899421
656.073004,146,9504.456717
873.79132,182,9506.083055
989.62377,204,9511.244542
862.244033,185,9512.901228
902.116333,200,9515.030225
951.105638,201,9517.161693
815.758126,172,9519.247663
1142.825411,243,9524.844724
1023.944473,217,9527.019437
1065.872615,222,9529.186692
1401.754825,296,9532.363663
1164.588466,251,9537.769279
943.870106,196,9539.881802
1156.161951,245,9542.522536
785.074011,168,9544.160094
708.542955,150,9545.763294
1101.265967,239,9550.832159
1083.472754,228,9553.463856
1008.906427,210,9555.621119
894.376532,196,9557.778431
768.674097,169,9559.384809
770.318816,164,9563.911252
997.656557,219,9566.075932
947.46719,202,9568.21968
1286.838735,278,9571.387398
1134.995877,239,9576.727862
975.139992,212,9579.308772
862.457574,188,9580.986868
1393.785128,289,9584.174359
713.645487,155,9585.796111
210.654685,44,9586.305297
909.016488,195,9591.08181
1135.418494,236,9593.718895
614.366272,136,9594.89
800.255475,170,9596.911576
964.067552,209,9599.018004
970.226662,210,9603.299264
351.19186,74,9604.294378
456.569617,96,9605.324876
766.620376,162,9606.910678
1026.32192,224,9609.037709
1587.754324,336,9614.814296
725.468469,157,9616.384852
843.392478,184,9618.450324
1260.671553,274,9621.105835
1351.620088,288,9624.22578
821.347835,179,9629.600115
1795.298063,385,9633.316188
991.423547,216,9635.87633
1162.007793,258,9638.517555
556.67016,113,9641.941882
1068.44973,233,9644.520601
864.38903,184,9646.143185
1028.753447,211,9648.663584
1036.028657,223,9650.828702
576.403903,124,9654.798131
1353.18815,291,9657.532799
744.812835,164,9659.572369
1125.083209,239,9661.750361
557.166256,113,9663.239544
835.550966,175,9667.57575
511.397273,106,9668.625093
1274.93031,267,9671.722647
850.508784,186,9673.354268
831.56625,180,9675.407224
2899.470011,624,9684.935797
550.848836,116,9685.995306
1193.739119,255,9688.633114
597.799802,128,9689.730829
1415.33395,307,9695.651556
1071.451807,227,9697.806686
1130.792615,239,9700.460092
1136.616586,238,9703.122734
1040.229417,219,9708.067269
2280.916888,488,9713.40302
543.542591,118,9714.518082
429.605531,93,9715.564957
1186.145588,259,9720.391535
531.857143,109,9721.471907
1291.961132,282,9724.654973
795.653833,176,9726.756216
752.948599,164,9728.354025
1486.098668,309,9734.429217
1617.698733,343,9738.180756
725.755766,154,9739.79737
1489.695697,316,9743.037082
1367.955056,290,9750.007256
3379.976975,715,9757.55792
793.17817,160,9762.734139
1364.904128,288,9765.436163
1280.974584,271,9768.572334
448.574582,95,9769.613207
706.727024,164,9771.218955
1061.79838,226,9775.770234
527.150292,109,9777.250172
974.052221,217,9779.378598
1106.489714,233,9781.981887
935.036589,205,9784.090861
658.232834,129,9788.513353
815.482199,179,9790.584719
818.551161,183,9792.656553
498.84717,110,9793.724483
1038.186435,230,9795.887108
1013.703204,219,9798.466475
691.4207,155,9802.508521
753.882192,167,9804.117103
1840.107919,382,9808.275914
874.669921,190,9810.343864
1130.707084,253,9815.524144
919.267795,195,9817.590089
820.483398,162,9819.169231
981.427338,216,9821.304021
555.965769,114,9822.367301
589.486209,118,9823.860247
696.652995,135,9828.082313
1368.363977,295,9830.801388
824.978735,173,9832.82971
694.331667,151,9834.393446
1239.755587,263,9837.046508
1240.160126,272,9842.41526
697.851343,151,9843.990125
1182.188569,257,9846.618153
1116.005355,242,9849.226841
1436.225786,307,9855.576246
881.372851,196,9857.654442
593.912434,127,9858.734605
611.935284,132,9860.266366
518.197176,116,9861.330219
483.814854,105,9862.372291
663.84358,136,9863.903042
576.598838,128,9867.529714
551.356181,118,9868.600533
741.404591,162,9870.186546
547.505977,116,9871.246109
455.377391,96,9872.270396
616.747169,134,9873.791471
457.861893,98,9874.823193
680.53433,150,9876.385896
561.885701,127,9879.790623
893.83585,206,9881.869865
681.143017,147,9883.425552
741.189018,163,9885.010185
359.245064,76,9885.566653
818.720461,189,9887.607985
442.157366,98,9888.636308
379.30428,87,9891.764095
1250.653388,264,9894.40134
956.972048,213,9896.526087
696.898851,151,9898.081811
913.808447,202,9900.190341
1260.405906,274,9906.301781
876.239901,192,9908.370723
451.137182,94,9909.398054
2850.562447,611,9917.997554
1036.865386,231,9920.565406
440.028346,93,9921.156574
666.993216,139,9922.686044
578.066949,124,9924.206557
629.866834,125,9925.28012
968.425172,210,9927.394615
1408.924641,294,9933.153685
1324.082403,276,9936.269818
741.604285,158,9937.859087
1192.10236,262,9940.511068
721.600262,155,9944.20553
1110.8957,231,9946.765261
793.344701,170,9948.374808
1389.983036,295,9951.502204
1178.700742,247,9957.501166
997.393097,217,9959.632746
2729.385205,579,9965.933036
1311.252075,284,9972.152942
740.767673,161,9973.740101
833.472589,179,9975.359825
712.061568,154,9977.379976
899.245582,195,9979.028039
1272.065084,261,9985.388927
788.730333,173,9987.009618
405.683044,87,9988.037006
754.474358,164,9989.627251
586.869636,125,9991.140885
654.659279,142,9992.687585
1027.400013,217,9997.254905
697.410613,153,9998.83606
376.60652,78,9999.406124
835.497559,186,10001.478554
852.906854,186,10003.547723
892.396931,192,10005.620305
769.072346,165,10007.225471
1318.416312,283,10013.898863
1141.631451,240,10016.519337
1009.768152,223,10018.642122
783.515117,173,10020.264353
2205.246247,464,10027.471138
703.409705,151,10029.05451
505.186406,110,10030.118318
868.33527,186,10032.202391
918.161702,195,10037.240776
224.335201,48,10037.758473
399.208718,84,10038.328709
473.532681,101,10039.366022
448.57405,93,10040.390074
689.153805,147,10041.942856
595.969026,128,10043.470292
886.60345,186,10045.106085
581.288933,124,10046.619272
658.964437,140,10050.155925
593.595306,129,10051.250848
696.302322,152,10052.819325
1050.860944,219,10055.384771
947.166816,203,10057.495849
1099.827497,225,10059.625239
1605.169659,333,10066.281184
793.743407,170,10067.88115
805.833874,173,10069.920102
1136.407744,230,10072.059434
974.678681,203,10076.732113
1941.101762,404,10080.919167
640.007114,144,10082.467201
1404.986677,294,10085.607959
1020.530909,208,10090.149184
682.505689,147,10091.719746
1729.395658,361,10095.413021
1134.789178,237,10098.016812
1242.139126,256,10103.058076
613.271801,130,10104.579345
1005.490169,208,10106.693784
747.873328,161,10108.288719
902.731218,197,10110.354803
1094.814334,239,10116.400769
1112.290692,233,10118.989981
534.229236,117,10120.057066
1200.632552,248,10122.668159
878.777019,189,10124.738014
657.596887,144,10129.474348
1007.466734,215,10131.59205
871.752328,186,10133.678744
1531.249039,326,10136.961075
1148.48972,239,10139.549952
1359.73838,297,10145.163021
828.603467,181,10147.225535
1376.291228,284,10149.906397
1016.195981,228,10152.482183
999.085816,210,10157.380206
1001.433937,214,10159.495939
1336.26469,285,10162.614275
768.943803,162,10164.208055
1304.028415,269,10169.874087
901.934956,187,10171.507649
778.598006,163,10173.515938
206.636669,44,10173.591249
1068.31392,225,10176.172712
936.399214,205,10178.282517
671.09309,142,10181.900743
403.514027,88,10182.919227
780.894486,163,10184.504469
1288.423296,273,10187.173771
965.496323,203,10189.271456
1117.270083,237,10194.706014
958.379185,197,10196.788028
1853.345979,389,10200.981044
700.28533,145,10202.533761
1737.252794,371,10209.58186
1605.177734,342,10213.268282
998.080105,212,10215.383592
877.302095,185,10217.44097
1954.235067,420,10224.120033
754.526088,164,10226.144178
888.626166,198,10228.245179
751.612052,164,10229.837214
996.360782,221,10235.619629
959.149889,206,10237.743023
1078.600367,240,10240.358755
922.164954,206,10242.472324
528.255293,110,10243.955464
990.694386,211,10249.151185
708.810048,154,10250.719391
1124.790178,240,10253.306294
988.188345,209,10255.432053
628.576187,140,10256.975332
1443.692754,315,10262.975919
1921.384575,412,10267.192723
1837.634761,396,10271.383962
662.499141,147,10274.784168
411.128778,87,10275.79861
609.079324,125,10276.872883
1003.870977,221,10279.434925
1602.924799,343,10283.093189
831.942598,184,10284.718915
653.448039,143,10289.898107
1185.642532,256,10292.506018
1023.311055,221,10295.064407
899.292673,192,10296.712138
892.067426,184,10298.776386
989.471982,214,10303.403736
918.597228,194,10305.491738
1116.609223,234,10308.08326
855.621832,179,10310.129935
1132.331033,232,10314.834394
707.431016,153,10316.388954
1096.00279,249,10318.997062
943.081774,202,10321.089949
1249.608052,269,10324.182205
1148.094471,247,10329.20305
775.297703,170,10330.803285
2088.156652,452,10335.5474
992.010206,219,10337.672465
1048.702979,221,10342.875875
1319.181599,285,10346.014249
1439.403963,303,10349.171469
1093.106264,238,10353.66459
1378.874821,295,10356.780834
412.452997,84,10357.782052
820.08682,172,10359.367886
872.051368,180,10361.406074
705.975616,150,10362.970241
1157.856809,248,10368.881265
1127.708318,231,10371.473254
823.896837,173,10373.088579
993.649241,215,10375.228423
1060.260822,223,10381.552578
4725.473004,1000,10395.264513
2009.338492,422,10399.50889
1183.830139,258,10402.156227
1166.345207,246,10404.775882
715.205048,152,10409.563261
1164.625016,241,10412.159125
1531.24643,333,10415.813849
2137.338328,454,10423.327088
1649.17738,351,10427.010414
1041.388389,225,10429.141116
1025.499144,213,10431.674948
2572.422037,542,10440.98279
1676.665745,351,10444.636222
1803.95045,381,10451.860145
694.935535,148,10453.420645
1674.568445,352,10457.080324
2628.001846,556,10466.455995
705.905234,149,10468.023132
1135.110593,247,10470.639728
1238.396138,261,10473.286334
818.626112,177,10479.461627
239.552834,49,10479.984108
818.373135,180,10482.05331
1297.705,273,10484.725149
1864.429032,403,10488.946915
637.300715,134,10494.180692
760.370256,166,10495.809269
3016.334074,650,10502.67145
1769.734153,377,10509.745358
1055.79967,229,10511.896773
1014.560751,209,10514.017425
756.948435,169,10516.057999
782.55665,170,10520.435361
728.676475,161,10522.025145
1638.14524,349,10525.6851
2422.258365,502,10534.123904
1027.059972,231,10536.719795
870.821609,192,10538.794075
1098.39218,235,10541.381136
1046.557353,219,10543.522268
2685.185371,543,10552.063863
1201.247412,253,10554.707254
2512.863087,527,10564.734236
794.112816,171,10566.774676
1415.438172,291,10569.904146
1402.508091,295,10576.73996
2385.026437,505,10582.003136
1509.080456,321,10585.207767
862.196406,183,10589.999557
1504.907654,326,10593.175865
1468.157288,311,10596.361298
1257.787962,263,10599.449091
960.476865,204,10604.456916
783.710424,169,10606.056435
919.674997,198,10608.151103
1059.354111,221,10610.74244
2444.808342,520,10619.577237
1001.333039,217,10621.708174
1127.159113,233,10624.300071
2865.111347,605,10634.370631
869.421121,187,10636.441141
1699.549052,350,10640.132944
1909.603,408,10647.780728
3323.094677,703,10655.198123
1202.864721,262,10660.215246
1100.669201,220,10662.773219
1466.949709,327,10665.959759
1352.196567,291,10671.313969
1101.912085,238,10673.944849
861.124749,187,10676.070844
653.635449,142,10677.187452
729.155398,157,10679.197346
1165.205603,245,10685.950345
1229.547713,271,10689.03376
2173.899992,461,10693.807966
1243.48899,264,10698.900987
1099.256066,234,10701.514303
820.86685,177,10703.572114
1126.671703,232,10705.720273
563.847077,120,10707.243375
994.53361,211,10713.054902
617.152466,131,10714.143018
1382.749795,285,10717.243846
1304.460729,270,10720.331133
1644.036798,346,10728.809366
1187.920163,249,10731.445261
1117.209104,232,10734.044228
1376.832424,285,10737.161072
1341.872825,283,10742.685771
1338.043085,277,10745.778316
1094.037708,236,10748.372529
1382.392944,292,10751.496657
1286.604108,271,10758.784702
1830.004548,385,10762.956792
1203.163418,258,10765.58656
697.839986,149,10767.1419
717.695209,148,10772.764237
1476.926989,304,10775.920201
1679.51016,355,10779.632319
1390.954401,292,10785.84671
1570.254549,328,10789.040215
698.199365,156,10790.621838
961.987303,198,10792.706074
437.96635,100,10793.752345
510.323605,108,10795.251208
422.949664,90,10798.094774
431.723795,97,10799.127987
819.57459,175,10801.168165
584.862245,121,10802.250933
846.051096,177,10804.292177
561.199404,122,10805.366265
520.071296,109,10806.421608
326.749394,78,10807.416074
1402.806822,320,10812.681766
465.673659,108,10814.17253
344.144138,75,10814.731879
470.383631,108,10815.78295
306.462339,70,10816.768772
747.41609,155,10818.351459
646.739153,137,10819.462751
2129.563842,450,10826.225471
505.790041,123,10827.736673
674.678986,155,10829.302436
567.867205,118,10830.380626
986.509856,224,10832.955784
667.447537,138,10836.816314
413.130306,101,10837.859471
429.972788,108,10838.914572
674.828067,146,10840.454
631.938733,138,10841.558304
499.574867,114,10843.049884
434.331473,104,10844.089024
493.770049,113,10845.138083
601.421831,128,10848.391617
411.750689,88,10848.967583
881.437853,204,10851.055097
440.721732,94,10852.07712
778.255857,168,10854.150685
2738.85973,583,10862.945366
690.478282,146,10864.505151
1643.419406,353,10868.1921
3472.569652,742,10878.534166
1986.083859,417,10883.201959
1621.726752,348,10889.227279
2349.581969,506,10894.932553
947.74526,200,10897.041475
2956.578683,623,10908.361995
1674.401255,362,10912.080077
1636.360817,355,10919.93631
1507.609164,321,10923.557976
1127.863606,247,10926.159731
2005.631855,436,10933.997377
1739.147365,370,10938.151012
1917.614804,408,10945.103666
1713.336704,360,10948.790998
865.175184,191,10950.856255
2018.08732,429,10959.117604
1102.430344,244,10961.737384
1246.53375,259,10964.373754
4733.240901,1000,10977.783119
883.720682,196,10979.902706
934.596336,203,10982.042231
911.341519,201,10987.21465
2581.422877,562,10993.08708
1533.022796,328,10996.341408
1117.373687,247,11003.98726
623.128535,139,11005.540656
518.623259,116,11007.077128
1592.103153,340,11010.354282
1914.70132,408,11017.987974
1532.382559,337,11021.719262
1217.596557,250,11024.381385
1396.199708,297,11032.837862
2339.065027,494,11038.18368
1642.263971,353,11041.853074
1029.155416,218,11048.525301
3470.058835,736,11056.380225
1569.661375,337,11063.386779
1826.366551,387,11067.581434
762.963959,164,11069.188081
1646.833317,350,11075.582473
1116.827523,240,11078.201425
864.173456,180,11079.828432
589.106523,125,11081.342974
976.169943,209,11083.451269
1177.38311,247,11088.455841
853.687278,192,11090.541256
1252.312141,269,11093.209252
534.916555,115,11094.274098
534.396687,116,11095.769046
1004.262624,216,11101.299459
1045.335081,225,11103.883759
745.653861,161,11105.468142
997.336797,221,11107.596999
455.493865,100,11108.628506
770.246944,174,11110.668814
1744.738843,365,11119.019134
1381.028737,288,11122.137179
1268.076967,276,11124.816632
1631.131448,348,11132.458076
1227.817991,256,11135.116921
585.388684,131,11136.650901
774.953808,174,11138.688645
665.531735,151,11140.240904
1322.371123,288,11147.730389
1576.154088,322,11151.345122
1894.415145,413,11155.57941
1222.082091,261,11162.307564
1518.989154,325,11165.94714
1176.343835,252,11168.560653
2618.51889,553,11178.817444
683.381204,144,11180.376819
392.480477,83,11180.949791
3456.189461,724,11191.744567
2177.96024,466,11196.492276
1656.725853,358,11203.178842
963.259396,200,11205.285925
2827.719872,585,11211.573684
1293.098218,277,11218.188582
986.180288,207,11220.304845
3523.069876,739,11230.767182
584.412863,118,11232.271295
740.930498,158,11233.833201
1331.349687,279,11236.94569
1205.974848,252,11239.571434
1100.419652,241,11245.162999
860.834801,188,11247.225378
677.028894,146,11248.769971
1391.85333,305,11251.915804
1518.686554,323,11258.831654
680.341458,147,11260.381016
1066.799092,228,11262.531392
1765.58808,368,11266.675578
1244.858087,270,11272.756675
922.355693,195,11274.844983
1130.94599,242,11277.453717
1016.433331,217,11279.588728
1204.294504,257,11285.704963
1618.974412,354,11289.381379
935.06247,200,11291.472987
840.02781,186,11293.533476
491.852598,108,11294.577979
1198.547132,261,11300.935251
2424.990829,522,11306.667665
445.668456,97,11307.693278
851.960381,176,11309.285804
1830.304099,396,11316.262873
566.852203,126,11317.781607
4740.005513,1000,11332.075901
1553.277529,328,11335.296775
1827.35572,385,11342.914974
1857.687181,403,11347.132607
1044.164767,225,11349.274034
2804.28029,589,11360.00997
761.189904,161,11361.597838
2015.938953,425,11369.908983
833.562513,178,11371.958435
698.458975,142,11373.072401
652.168636,133,11374.608883
2602.451835,552,11384.301447
2450.116524,519,11389.575049
1489.440911,324,11393.208438
911.494873,199,11400.066312
2896.987805,616,11406.418902
981.666632,207,11408.513022
445.013484,97,11409.544961
1168.793895,259,11415.56085
1345.007273,284,11418.25237
1548.013031,335,11421.888683
2074.538705,440,11429.21516
1141.337182,241,11431.829008
480.084868,102,11432.870854
1769.333081,373,11441.313032
1338.785208,282,11444.438621
691.10962,146,11446.006938
1636.421246,346,11449.230232
382.921874,78,11450.233239
395.444416,82,11451.241045
2457.321576,519,11459.239094
1105.648161,235,11461.869251
1774.356608,381,11468.234549
1075.800044,229,11470.82402
1264.77466,271,11473.478953
905.072131,197,11475.58277
1557.484736,333,11482.175308
515.272742,113,11483.240371
1072.772063,229,11485.805616
434.469623,95,11486.832952
1163.242981,242,11489.427808
1265.471218,276,11496.633441
3142.403495,662,11503.489573
1221.634614,253,11506.10246
2415.022425,513,11515.018659
866.706835,188,11516.656118
1282.233669,273,11519.729709
1301.054171,278,11526.084091
1179.250178,251,11528.711928
2711.836411,577,11537.898165
1506.166143,320,11541.068606
1616.027036,338,11544.704114
835.206946,170,11546.715313
1453.634234,311,11552.703713
886.669612,187,11554.778332
1290.477373,275,11557.417878
1768.228676,371,11563.213069
1378.604523,294,11566.32996
984.844098,206,11568.420028
655.368808,142,11569.952903
921.840559,204,11572.036901
1172.243909,249,11579.347406
782.190878,167,11581.492847
1119.086144,243,11584.090761
1358.755593,291,11586.77296
1298.610391,273,11593.348687
1878.697901,406,11597.576824
4742.020698,1000,11611.725224
1285.036048,274,11614.409089
4769.748933,1000,11628.120879
431.662509,100,11629.160695
1337.18301,298,11635.641566
1135.09784,240,11638.239822
611.063203,132,11639.773899
652.882728,137,11641.305835
1922.91372,414,11647.832955
1732.436756,363,11651.524055
1119.457013,242,11654.138908
1405.906928,297,11660.75614
1059.916208,238,11663.352994
1806.619273,384,11667.091634
4760.461791,1000,11682.290642
1105.772987,236,11684.877895
938.669075,205,11689.381757
724.491071,159,11690.973025
494.147153,106,11692.026241
896.254788,199,11694.132333
427.535054,93,11695.154298
2029.949092,439,11704.199462
804.978494,182,11706.266793
548.730625,121,11707.340615
1044.063387,228,11709.93425
632.847665,139,11711.040903
621.399187,137,11712.589175
1779.567067,383,11719.813705
913.486063,199,11721.901314
821.83819,182,11723.527426
1301.605739,283,11726.644886
1263.201531,274,11732.747838
1902.057515,414,11736.989264
1254.344891,273,11739.670567
1919.93177,414,11747.455291
1286.872407,279,11750.144418
1659.805137,356,11753.888617
1488.517056,323,11760.821265
924.46862,203,11762.920299
2189.5676,464,11767.698638
2252.762645,486,11775.87213
2254.552852,478,11780.687165
1232.910083,274,11786.698637
1569.711935,334,11790.366295
1140.474491,242,11792.541814
1417.153421,301,11798.916054
820.4952,180,11800.974086
1919.542105,424,11805.654225
950.80587,207,11807.759552
1113.748415,239,11814.419305
1657.618446,352,11818.087175
1016.75154,215,11820.63945
822.221927,184,11822.263092
1383.965306,300,11830.132299
1364.963775,291,11833.253036
1226.299818,256,11835.871809
820.760919,181,11837.927952
1220.705698,267,11842.997746
763.647763,168,11845.029982
1495.224233,317,11848.192445
2294.047772,486,11856.837273
820.996134,171,11858.430046
642.160298,139,11859.973271
552.711823,122,11861.052981
496.564103,114,11862.546107
1804.205738,388,11869.771662
1521.150656,322,11873.389126
1951.198329,423,11877.616856
2607.533256,556,11887.016219
2864.74047,608,11893.768865
2267.327687,480,11903.572534
637.583217,135,11905.107105
1702.156081,367,11908.833242
1450.29919,315,11916.445232
901.675895,199,11918.536699
902.958311,194,11920.190242
1616.931493,341,11923.871114
1070.360052,229,11930.033905
1193.882431,259,11932.666464
1577.405073,341,11936.418128
1045.357839,222,11941.470343
820.451223,181,11943.539992
384.897332,85,11944.551705
1279.443127,281,11947.241758
982.159895,223,11949.81327
1173.128296,251,11955.780954
1149.782503,251,11958.410861
517.994604,114,11959.467949
1096.595034,242,11962.074584
931.43491,197,11964.162403
1491.156259,329,11971.212638
1450.05027,319,11974.832927
2398.992988,505,11983.425325
901.708979,183,11985.03978
930.177227,193,11987.110697
649.707282,144,11988.669616
522.688802,114,11990.162603
1522.344256,330,11993.364893
2436.402928,524,12004.232112
1226.593968,270,12006.902165
1102.491568,236,12014.674896
3530.821793,751,12022.618762
1524.887144,322,12029.357812
1417.022468,312,12032.526316
890.839336,197,12034.612967
787.163191,172,12036.645868
1330.762637,290,12043.239824
1521.67962,325,12046.425374
1924.044342,412,12050.64414
1107.044203,233,12056.178366
853.522053,183,12058.253654
1200.981535,259,12060.882758
1128.037266,250,12063.495355
1358.491666,299,12069.944408
2621.493417,560,12075.765805
1513.418893,327,12079.432556
785.909258,173,12085.024063
1570.506492,331,12088.666684
1050.141336,228,12090.801103
448.789591,97,12091.824714
1060.678392,231,12094.395022
1952.926275,426,12101.05897
4696.703647,1000,12115.223417
1503.65554,321,12118.843537
1082.997751,232,12121.010166
632.968813,136,12125.752699
988.745637,215,12127.883382
554.514737,117,12129.381988
1311.548729,284,12132.050701
2129.021434,451,12141.021975
938.439597,197,12143.107135
954.266569,201,12145.192946
579.187815,127,12146.709534
1489.805384,321,12149.88132
4733.98491,1000,12163.309355
1132.825274,243,12169.199173
2048.990789,435,12173.913173
1047.107411,223,12176.027791
1376.619005,292,12184.236917
1217.895635,259,12186.900551
754.98667,169,12188.944225
1214.771761,263,12191.597183
902.12593,192,12197.307001
997.104949,213,12199.429176
1037.82281,231,12202.018023
630.713311,138,12203.128282
687.090988,149,12204.690244
1705.048779,364,12212.780648
310.156793,67,12213.316975
563.15592,120,12214.394908
1882.361782,411,12219.069346
1397.830383,297,12228.593676
1939.746292,418,12232.816708
721.324913,152,12234.366111
763.015566,169,12235.956101
2379.435033,507,12245.998702
700.658966,159,12247.59127
1305.048831,276,12250.241983
1744.463704,371,12257.461262
959.025737,210,12259.579225
1939.354856,416,12263.824048
1074.226716,230,12266.407777
2364.804494,514,12274.71562
769.936555,167,12276.304754
4768.530991,1000,12291.075921
2484.702161,536,12300.827118
470.260232,107,12301.876338
1574.870336,341,12305.542456
734.295596,164,12307.129016
887.205986,188,12309.187392
671.47866,132,12314.012787
503.049719,104,12315.058914
511.960761,106,12316.104105
2401.816394,511,12321.35172
767.992425,159,12322.919909
1445.852664,312,12330.014027
3093.745357,651,12336.790687
1052.507155,234,12342.252249
2245.240776,472,12347.437019
1404.031673,304,12350.585403
1393.764635,296,12357.052404
1547.390868,337,12360.257717
420.307695,97,12361.293967
851.532394,182,12363.35847
1127.846675,239,12369.004985
904.873014,192,12371.077601
798.286971,176,12372.67432
1424.105282,309,12375.841279
1374.46988,293,12381.155821
436.082387,95,12382.176754
1242.105253,266,12384.817805
1104.763418,235,12387.405006
472.360779,106,12388.448421
841.53287,187,12390.516778
2114.310016,448,12397.347164
835.300141,185,12399.422036
472.019534,113,12400.480244
982.988523,213,12402.599872
1004.016767,207,12406.934793
484.214689,100,12407.970368
747.464081,171,12410.002851
1092.349762,233,12412.173458
804.360293,176,12414.21289
589.890783,124,12415.283143
1170.565007,244,12420.037143
443.476644,96,12421.062687
1405.201713,301,12424.20529
1507.150302,310,12427.337982
1236.251873,272,12432.81382
655.482915,148,12434.374669
665.59867,139,12435.932166
619.198532,136,12437.026141
1139.46901,244,12439.634393
988.111285,203,12444.810019
757.245097,156,12446.362439
1925.302452,408,12451.005336
481.208835,103,12452.043214
864.152759,187,12453.680057
587.948813,123,12458.324985
399.39877,90,12459.344853
1218.931648,272,12461.988223
1104.1222,242,12464.581832
3193.489018,677,12475.853946
1094.444326,232,12478.440468
2517.850662,554,12487.207821
1155.28632,241,12489.785228
1407.364304,292,12492.925364
1018.85896,217,12495.055953
1338.629118,294,12500.496063
600.934378,124,12502.006871
1043.659161,223,12504.116685
456.641267,104,12505.150949
709.808688,154,12506.715301
1036.756763,216,12508.822819
1022.508238,218,12515.305686
525.01666,110,12516.360377
1753.3454,371,12520.06718
990.65861,211,12522.605808
1419.858622,303,12528.423456
419.941607,94,12529.458061
1921.527652,411,12533.680848
738.387144,161,12535.262319
1192.26459,254,12541.045053
909.170496,203,12543.146245
2521.235674,533,12548.912219
2749.563535,583,12558.31851
1983.121096,424,12562.548779
2462.731578,529,12572.850787
1248.214868,263,12575.526024
1303.003634,276,12578.203266
1110.87505,245,12585.309129
1570.487039,338,12588.994817
1145.279354,244,12591.619441
3167.216198,663,12602.518122
3763.854926,793,12616.856881
3013.898413,649,12623.669141
1430.283902,306,12630.019624
754.060531,163,12631.587041
1582.898455,332,12635.209395
1182.966851,253,12637.832872
1198.062683,241,12644.386089
1714.597624,365,12648.081859
2513.783028,536,12657.904863
2047.226716,419,12662.103197
2906.025208,624,12670.944741
1185.682131,258,12673.591909
940.45309,206,12675.704979
900.082021,189,12677.757687
2253.686499,478,12685.440007
1451.387974,302,12688.6032
755.866494,161,12690.613236
1571.911069,341,12693.831413
1011.008131,216,12699.622721
2115.322829,453,12704.363469
676.255018,156,12705.938625
2311.084766,495,12714.096834
874.555806,187,12716.173766
2477.613318,525,12724.627684
1031.765286,223,12727.185361
870.443507,191,12728.820104
1883.696592,411,12733.48869
976.848622,192,12738.063326
912.833425,187,12740.135969
1877.963283,409,12744.365285
2245.01699,485,12752.71269
334.805546,77,12753.706128
952.584138,208,12755.808094
1344.152615,282,12758.476925
1480.226078,317,12764.880662
896.999806,193,12766.950112
1168.441996,250,12769.572936
968.431076,215,12771.69151
652.283372,142,12773.242413
795.322441,178,12774.852433
1913.118988,405,12782.390285
266.94687,57,12783.349813
659.300186,126,12784.428815
1113.657299,248,12787.040511
1446.072923,317,12795.988735
660.666033,137,12797.530942
1414.518268,297,12800.681243
591.596747,131,12802.206815
2009.119241,426,12809.496248
743.507313,163,12811.099437
835.266972,180,12813.164128
1125.822894,237,12815.771918
1476.209911,311,12823.303941
1287.750564,264,12825.965807
953.380552,204,12828.08862
884.602895,192,12830.165326
996.396912,215,12832.740685
756.690324,160,12838.845333
1100.257155,232,12841.00012
950.811037,208,12843.539453
963.990771,211,12845.659757
1417.75427,300,12853.627839
779.130541,171,12855.225033
1200.845128,257,12857.871058
4636.811871,978,12872.797595
1299.603196,272,12875.457336
749.695945,160,12877.043666
1838.567334,391,12885.37338
467.852006,98,12886.401165
1389.401063,285,12889.488218
1502.424804,322,12892.651219
2238.66391,475,12901.17463
1024.138667,212,12903.273964
1063.148757,218,12905.852383
560.335799,121,12906.937337
2289.879405,491,12914.36922
739.23244,169,12915.957098
756.913911,160,12917.529341
1928.643826,416,12924.310054
1194.986675,252,12926.931894
851.527546,183,12928.536416
892.571879,198,12930.627242
1478.568686,317,12938.969809
489.155609,99,12939.997239
2135.381568,461,12944.762375
2410.458354,505,12953.499729
407.168668,87,12954.509056
1002.972085,210,12956.601378
1059.725407,227,12958.762314
894.999336,202,12960.865931
615.874347,139,12966.567627
859.036976,194,12968.655669
1923.819612,415,12972.907045
1484.026924,310,12981.78941
3777.424058,795,12990.253285
1658.851418,341,12996.725412
737.030138,160,12998.744155
787.176251,161,13000.317996
2924.57606,620,13010.714515
456.989175,100,13011.74829
753.730282,167,13013.781365
570.273942,126,13014.940301
569.205184,120,13016.007461
819.836816,179,13018.058972
1604.479908,351,13024.952425
615.084301,136,13026.488475
664.982056,142,13028.039347
628.673879,131,13029.127877
1472.745234,322,13032.77663
1805.951384,388,13039.797205
648.964415,138,13041.335977
1150.45203,239,13043.925179
1221.43015,247,13046.543705
1259.248429,278,13052.675382
755.039312,163,13054.68997
999.087414,204,13056.763689
415.603874,95,13057.792984
1559.160615,330,13061.006361
797.85667,174,13065.997826
1271.928218,280,13068.688924
1030.738072,217,13071.250133
859.575292,183,13072.860049
1744.909934,370,13079.51825
1437.800288,315,13082.693683
506.100429,111,13083.755538
366.216092,85,13084.770953
807.296258,174,13086.373215
973.704788,219,13091.643564
1210.313822,264,13094.288595
977.981443,222,13096.848969
1015.687605,224,13098.971123
1587.14532,343,13105.523874
2502.057351,522,13110.819839
315.571728,74,13111.810564
559.59422,122,13112.885948
1600.518403,336,13120.103094
821.067787,178,13122.176819
600.844692,133,13123.269364
1006.285449,214,13125.384665
1099.817222,244,13128.000779
2308.021891,486,13136.076725
801.076286,173,13138.115217
1198.145594,261,13140.761233
662.363458,144,13145.8482
1547.887931,324,13149.036314
1187.589382,265,13151.687618
573.032152,127,13153.199987
650.483694,148,13154.76451
1169.810992,248,13160.297245
663.775913,140,13161.836441
1046.197416,220,13163.974054
1396.691125,296,13167.08036
1103.539606,237,13172.676314
983.744814,220,13174.82401
284.739618,61,13175.361551
721.529233,151,13176.925571
392.824403,87,13177.943756
400.333958,91,13178.959583
353.377346,81,13179.962616
585.054634,129,13181.055031
316.682513,72,13182.041677
1691.52781,368,13188.323252
731.442482,165,13189.931077
510.879511,117,13191.426756
1044.749784,236,13193.564077
916.102422,194,13195.724648
1270.812139,279,13201.853287
1315.138966,273,13204.498177
463.448858,103,13205.531813
406.060647,90,13206.546104
1627.507519,339,13213.641873
1115.928832,245,13216.258935
1808.938118,370,13219.947094
2956.773231,627,13230.882448
1143.231975,244,13233.495293
1385.571558,303,13236.650323
2653.632521,562,13245.514365
585.514175,131,13247.05035
1042.464407,219,13249.177403
340.504931,78,13249.743724
1003.525181,216,13254.409835
1067.60977,222,13256.53834
1108.612377,226,13259.118849
1343.501675,293,13262.273782
1644.971743,349,13269.401741
2439.738506,518,13274.680222
903.17988,200,13276.767792
367.539383,83,13277.774615
459.853385,103,13280.836069
500.5876,113,13281.895243
885.067049,197,13283.972245
636.839949,146,13285.52479
1269.921584,269,13288.161847
455.348362,104,13289.204998
1323.856982,286,13295.436993
1815.614298,384,13299.629577
1735.681246,373,13303.355932
1527.156779,330,13310.715333
1299.622903,275,13313.364235
1265.973262,265,13316.02608
1270.664627,274,13322.601187
1593.276752,351,13326.268943
1223.210725,253,13328.875065
1575.165441,330,13337.091119
656.711643,136,13338.192332
1283.304859,276,13341.315804
903.205583,193,13343.387914
1620.45653,336,13346.577684
1809.223984,388,13354.933396
1026.310674,225,13357.514231
591.589215,131,13358.599085
3189.472732,680,13368.612863
746.380261,156,13370.172082
924.678189,199,13372.253936
666.515451,143,13373.810022
662.870999,153,13378.546582
651.317821,129,13380.063688
2597.754115,551,13385.860292
1985.360586,416,13393.264651
856.272513,190,13395.345318
1033.165774,216,13397.470625
820.737097,185,13399.530281
806.535768,169,13401.135121
647.984359,145,13405.724848
727.712237,162,13407.303887
578.370036,129,13408.818838
1707.83241,370,13412.518374
1421.860034,310,13415.698502
1336.114196,291,13423.194252
872.671674,203,13425.278924
2563.752286,546,13435.128471
1133.838657,241,13437.74127
808.558492,170,13439.346849
1323.811766,290,13442.487296
1115.712152,237,13445.074723
1713.459037,374,13452.481416
954.150028,206,13455.021858
1039.984696,230,13457.177408
2115.985141,456,13465.089107
943.276057,202,13467.182898
908.119263,193,13469.236689
1120.37044,241,13471.84253
2000.919376,422,13480.521018
2112.24564,455,13485.704573
1211.637021,265,13492.883286
1520.757504,317,13496.068325
1825.899889,384,13500.235593
1710.323976,367,13508.158891
1221.23399,265,13511.240826
1523.450717,324,13514.446113
3042.97143,657,13525.70745
592.835531,132,13527.250243
1361.557739,289,13530.378238
1447.261298,306,13536.986279
3532.359404,763,13544.93975
1359.342113,289,13551.921333
2564.492405,543,13557.844763
832.294688,178,13559.485357
1086.757609,231,13567.63724
2118.063794,459,13572.499293
1008.739994,213,13574.674612
1155.755643,250,13577.373264
750.448978,168,13583.5433
1627.042201,349,13587.210338
725.245686,159,13588.801153
987.754015,211,13590.909951
1816.768992,395,13600.087687
1634.931122,355,13603.767911
928.392725,193,13605.843801
885.09932,198,13610.502642
2280.637359,490,13615.767318
325.154711,74,13616.325305
3255.113929,692,13627.947768
1542.023652,334,13631.609739
2455.121152,529,13640.720686
1347.574903,285,13643.854947
379.04713,84,13644.864435
569.55541,128,13645.96361
868.016273,195,13648.048132
1105.9987,247,13653.814168
571.825611,123,13654.888716
1076.716489,229,13657.449197
691.950707,147,13659.012072
729.747005,161,13660.596226
2132.477359,455,13668.513179
1031.113569,225,13671.074892
484.750946,109,13672.128798
3766.896165,797,13683.335039
422.960637,96,13684.371791
3667.461896,772,13696.670773
639.11175,152,13698.212901
742.653604,162,13699.804288
1093.257289,239,13702.402599
1511.900296,330,13708.593377
856.93138,189,13710.671187
1695.487004,361,13714.389997
3125.679376,665,13724.526463
753.221943,159,13726.127769
1343.048045,283,13729.237436
1449.769024,306,13735.207939
517.057178,125,13736.718743
241.832896,53,13737.243374
497.001328,101,13738.278367
644.861732,140,13739.378448
403.518984,96,13740.39916
646.645752,130,13741.919661
977.601136,214,13744.043109
2298.510181,480,13752.449059
813.839346,180,13754.066473
1176.28871,251,13757.120165
937.83781,204,13765.374614
1703.097525,373,13769.043986
603.527821,127,13770.585013
4744.664025,1000,13785.770362
650.79435,142,13786.882101
1148.942245,245,13789.495768
1146.592873,253,13797.766132
4687.976786,1000,13813.856774
771.956888,173,13815.906432
2365.794661,511,13821.210174
2013.338897,432,13831.080254
979.302711,219,13833.215025
1940.708207,403,13837.406049
2958.466235,636,13849.576686
872.97227,177,13851.19003
2008.088793,431,13859.42751
1453.004827,309,13862.559705
2201.111237,468,13867.752682
1765.94293,387,13877.166305
2875.03386,603,13883.487148
1977.883753,428,13892.368839
1430.760304,316,13895.545718
2447.204738,511,13905.947441
437.837495,97,13906.982635
1863.12261,398,13911.160728
585.594334,133,13912.684258
1774.645391,383,13919.930144
985.659849,204,13922.033353
827.969272,174,13923.637081
463.953721,108,13924.691074
682.736568,152,13926.264235
1385.264526,296,13931.930374
444.016102,90,13932.954986
443.41212,96,13933.989944
1163.462217,253,13936.614305
1033.570819,220,13939.15451
498.851074,117,13940.224548
222.366387,51,13940.736962
746.816997,167,13945.083874
624.418257,147,13946.643715
707.408085,152,13948.207454
189.083248,42,13948.711719
555.667483,128,13950.231517
720.604784,162,13951.811842
1336.300874,276,13954.467759
894.429238,181,13959.218222
882.02481,198,13961.293019
389.823846,90,13962.308821
471.119402,107,13963.350627
345.984013,80,13964.34534
2492.804362,525,13972.588375
1096.050146,257,13975.200616
566.176552,132,13976.72232
374.784823,89,13977.752135
424.864348,97,13978.784457
387.116695,97,13979.37892
426.266186,100,13980.42104
446.924075,106,13984.106014
398.782118,94,13984.6928
361.639117,89,13985.707203
621.889379,145,13987.25051
463.160934,108,13988.308838
577.411231,144,13989.856077
413.817126,102,13990.894252
373.161098,92,13991.928518
467.177774,99,13992.954705
428.259225,105,13996.064202
467.303169,101,13997.108083
439.648882,105,13998.157896
719.130975,152,13999.719686
423.419183,90,14000.736436
1029.687796,218,14002.852618
452.968891,99,14003.886218
626.954435,146,14005.434868
672.08831,152,14009.025908
377.018949,90,14010.035388
677.131247,145,14011.580821
521.234409,110,14012.629794
266.908648,61,14013.592071
295.49524,68,14014.128374
381.746405,89,14015.135126
1111.545215,236,14017.272458
418.255329,88,14018.279135
196.648231,45,14021.135056
1348.841133,284,14024.251457
495.022903,106,14025.302761
575.365107,127,14026.387092
337.668214,77,14027.376922
806.653628,182,14029.41127
509.32357,105,14030.454722
626.429792,139,14034.632889
1778.134637,399,14038.810999
551.718999,123,14040.320043
492.693588,110,14041.372829
533.567461,111,14042.430519
794.649143,178,14044.485362
1133.576625,227,14049.696145
1087.55596,217,14052.239959
1489.288641,317,14055.394243
858.832457,197,14057.458717
1361.938642,302,14063.069834
839.481942,179,14065.111073
534.537213,106,14066.152096
827.351822,179,14067.760548
663.090442,131,14069.28976
301.197887,64,14069.827389
1232.65722,257,14075.146093
584.982973,131,14076.685283
315.5288,74,14077.247448
704.940806,152,14079.245108
441.403984,105,14080.296318
322.265501,74,14080.854464
963.29483,215,14082.95821
509.112852,120,14086.667045
472.366423,102,14087.707554
696.456662,159,14089.270409
749.35813,149,14090.824611
242.078955,53,14091.340417
429.05111,92,14092.358583
380.119787,91,14093.443765
745.558284,149,14095.020825
328.727852,84,14095.591411
629.700659,129,14099.157361
637.930024,138,14100.723079
439.071542,101,14101.773816
377.218114,81,14102.334004
428.509977,89,14103.344367
290.879637,63,14103.885988
487.417313,112,14105.372858
448.881147,107,14106.416261
587.750504,119,14107.486938
296.437491,71,14108.472311
230.764143,55,14108.996307
375.666428,90,14111.564939
330.766654,79,14112.56808
409.553487,93,14113.593763
417.97037,97,14114.623238
519.642705,116,14115.67961
265.306439,66,14116.220708
674.373804,162,14118.23195
389.443455,85,14118.806889
969.724227,218,14121.366885
460.777024,97,14124.538613
304.159381,76,14125.104187
292.637724,74,14126.103456
1088.6294,244,14128.705454
253.21338,63,14129.244475
460.277434,94,14130.268863
959.982816,205,14132.351841
1520.335361,324,14137.899243
1086.878638,232,14140.506095
315.216777,69,14141.056035
1888.579054,405,14145.26629
674.147711,146,14146.822424
482.246152,103,14149.798128
470.456409,91,14150.820547
770.73701,152,14152.383364
2654.207319,558,14158.165363
296.745546,64,14159.134026
373.974829,82,14161.972702
1966.048085,424,14166.643529
626.746919,138,14168.175864
567.934916,115,14169.232681
1463.749183,317,14174.164942
325.546539,85,14175.176795
330.112418,81,14176.179835
788.612772,165,14177.764075
1639.895634,343,14181.413675
463.267397,98,14182.459962
1455.639795,314,14187.708158
1293.713903,280,14190.807184
547.147418,119,14191.886285
682.115243,147,14193.441925
522.93894,118,14194.519448
1446.075726,318,14200.926625
548.595304,106,14201.984919
504.852218,111,14203.037898
606.935909,124,14204.110776
663.225691,139,14205.643942
2714.531976,585,14215.43064
549.29991,123,14216.512202
775.000639,169,14218.52998
803.918811,174,14220.150697
746.977458,161,14221.726737
529.460218,112,14223.222578
1123.027697,250,14230.632952
385.307189,84,14231.20365
1478.711448,318,14234.827702
1313.211023,280,14237.498863
1176.476797,260,14245.034421
949.018904,205,14247.14018
1419.513238,308,14250.293476
1120.316947,232,14252.433632
1247.108382,263,14258.109085
497.315794,107,14259.178663
416.214779,83,14259.769923
1213.859013,252,14262.860551
1513.929161,325,14266.108993
1728.195211,367,14273.08146
726.077761,154,14274.718578
1460.166322,309,14278.296756
941.42171,193,14279.936661
3156.115744,668,14290.681171
1850.466816,383,14294.81452
417.03213,95,14298.076107
754.767526,161,14300.085699
586.882095,125,14301.162117
1870.753992,399,14305.31925
1337.185155,290,14312.617778
1216.839575,271,14315.276579
1722.313515,362,14319.378735
902.426947,193,14321.008579
676.494784,147,14322.561915
898.456209,201,14328.64409
1164.788163,258,14331.696468
689.289388,154,14333.278281
827.887111,179,14334.899541
883.053036,198,14336.996722
1036.58464,232,14342.952376
674.074377,144,14344.492436
1698.870189,364,14348.199283
2594.968053,559,14356.20512
293.054468,69,14357.204323
731.19424,153,14358.753793
1442.385891,322,14361.928976
795.904102,168,14363.524566
1465.716084,311,14370.321015
1216.695152,255,14372.943062
864.85606,193,14375.007755
1443.703328,314,14381.552673
725.247597,167,14383.159834
675.741072,151,14384.717624
857.470696,186,14386.774574
730.118441,163,14388.360357
2904.656818,620,14398.296861
1298.254798,278,14400.951389
1119.104941,238,14403.547932
1707.428141,361,14410.634073
786.961091,169,14412.654412
503.303996,112,14413.716144
1592.825635,329,14416.897542
1107.793051,248,14422.559726
129.386913,31,14423.044898
796.432452,174,14424.647924
739.491951,157,14426.645178
1531.251297,338,14429.862891
983.556693,212,14434.655772
473.950759,104,14435.707677
636.327674,137,14436.803029
2026.348575,434,14441.459164
942.449617,212,14443.562384
716.859563,161,14447.806242
330.731249,77,14448.799314
876.930042,200,14450.909888
1147.174457,255,14453.60859
1125.558152,251,14456.238713
639.43,134,14457.758689
1067.98025,231,14463.161101
1324.357423,289,14466.28371
1862.309011,404,14470.463643
505.503576,114,14474.893039
917.772277,201,14476.985041
778.402421,169,14478.583796
2415.439895,519,14483.843152
1568.948618,339,14490.173588
4417.952446,935,14502.377358
358.112495,80,14502.943429
363.463408,78,14503.939782
534.203376,121,14505.012455
241.922089,52,14505.530671
1543.739331,329,14509.166925
2924.202722,630,14518.108415
416.486206,97,14519.146578
408.801402,86,14519.726741
1346.850093,289,14522.830197
1353.519597,281,14529.215431
953.796842,216,14531.32428
1081.944914,228,14533.875924
773.135636,162,14535.445057
269.871548,59,14535.973248
1298.275101,283,14541.912841
1487.889076,315,14545.0899
2007.601483,433,14549.771998
2843.833708,616,14560.803775
1287.37128,282,14563.906691
279.85107,61,14564.438102
2139.642583,466,14571.548289
661.943766,146,14573.098402
671.290668,134,14574.626541
516.637716,117,14575.692185
802.694882,164,14577.27036
480.546562,110,14582.694577
998.801148,216,14584.81785
2307.924368,503,14590.04845
754.041295,159,14591.619388
1321.82653,290,14598.674659
488.02738,107,14599.721881
513.643493,98,14600.754543
560.403289,114,14601.805125
662.045592,126,14603.321418
1105.108855,246,14605.917458
1124.768379,249,14611.143464
1241.784585,269,14613.766886
1095.526293,239,14616.354019
1112.776404,231,14618.479898
834.427083,193,14624.135224
332.248618,75,14625.127946
503.407442,125,14626.190029
293.810762,71,14627.175504
268.088286,65,14627.718044
2823.391863,611,14634.118899
463.949976,102,14637.262588
459.697946,101,14638.293181
3601.428841,769,14646.618064
777.003392,167,14650.642897
553.300894,117,14651.705446
571.522663,126,14653.214701
1437.052132,293,14656.323337
1148.390467,241,14658.906336
632.160099,142,14665.153012
937.733949,211,14667.694797
2728.500696,583,14673.513085
2237.075291,473,14682.134254
806.400777,170,14683.727335
658.628407,142,14685.282719
2197.913379,480,14695.412826
1450.981843,317,14698.610723
1191.514457,248,14701.219225
644.321485,147,14702.768954
547.708182,108,14703.813334
1396.288357,299,14709.79802
624.89645,125,14711.302061
864.753292,179,14712.916769
1120.020727,237,14715.507087
643.179627,145,14717.060776
2856.322128,618,14727.269477
2197.435135,470,14732.046807
1700.509501,365,14739.31199
766.15075,173,14740.912462
1736.572629,371,14745.033612
1103.660535,249,14751.579663
404.581118,88,14752.154482
865.222815,190,14754.224661
341.789509,79,14755.230322
2044.651357,433,14759.492018
1391.535487,310,14765.801724
898.580606,195,14767.895311
1004.034454,210,14770.014272
1619.700417,351,14776.473969
841.118766,186,14778.102265
1028.54139,230,14780.684541
1947.672242,417,14785.002132
1042.631318,222,14790.495012
1498.681508,321,14793.732095
1499.276895,312,14797.385295
1620.433974,343,14805.802713
2584.054407,548,14811.683451
2123.216663,452,14819.351251
960.838414,215,14821.950516
814.87897,185,14823.607624
1269.948246,279,14826.782019
427.358929,96,14827.828822
1298.259976,280,14833.955421
595.783913,131,14835.479703
551.350699,125,14836.992302
755.183543,158,14838.55538
679.398733,145,14840.093301
1033.155657,232,14842.232754
1885.72327,406,14849.273693
2214.636451,471,14854.464146
1645.620213,349,14862.992309
880.263879,196,14865.067451
2514.880045,527,14870.376875
1426.504727,305,14876.590578
1296.489091,272,14879.689075
1182.054359,261,14882.333463
766.314084,163,14883.921476
1275.215912,274,14889.554515
847.84573,184,14891.177875
1365.478634,297,14894.320443
871.459336,190,14896.378698
344.844293,77,14897.369252
1563.856487,339,14905.66539
409.177716,95,14906.262948
1994.219691,435,14910.937096
822.836979,182,14912.980839
1168.68254,235,14918.621357
350.595626,77,14919.613821
3826.822042,808,14930.26023
519.292989,113,14931.328459
934.594651,196,14933.399299
659.719584,143,14934.937072
305.087287,65,14935.910906
665.814146,134,14937.008588
1863.541775,394,14944.438017
364.603654,76,14945.431663
871.763075,169,14947.017901
443.803716,97,14948.052615
471.63263,105,14949.098737
496.449015,113,14950.161158
441.011633,93,14951.174037
624.150333,132,14952.700518
1279.433811,262,14957.827257
393.734665,93,14958.853811
942.951148,212,14960.973005
1616.912619,342,14964.64184
585.208392,122,14965.72492
891.924811,201,14970.414166
320.123948,66,14971.387554
2598.951429,556,14977.152424
598.123725,120,14978.221695
566.955662,111,14979.275117
459.384869,94,14982.411738
266.664767,56,14982.940143
950.582801,201,14985.016889
650.766425,125,14986.535359
528.205726,102,14987.574946
545.455134,131,14989.103261
693.672895,141,14990.20442
382.730106,78,14991.206457
458.449243,105,14992.258294
281.747601,66,14996.631144
459.603154,90,14997.644159
353.734374,83,14998.657017
256.772373,60,14999.197953
293.21309,71,15000.185206
282.639003,62,15000.722069
368.580331,83,15001.30679
704.059549,149,15002.869547
336.931952,77,15003.86178
680.114686,153,15005.450979
598.947756,131,15009.009687
181.248167,45,15009.520169
278.113885,69,15010.072584
936.219052,199,15012.157863
477.291489,110,15013.214331
683.448991,151,15014.785392
4030.683567,857,15027.112693
416.040844,92,15028.14079
898.613891,181,15030.181455
460.278625,94,15031.210267
553.485596,113,15032.265693
568.685345,135,15038.055118
578.911268,134,15039.161347
847.908354,190,15041.238532
717.64249,140,15042.76783
513.099457,104,15043.812108
413.368074,102,15044.864423
912.488393,192,15046.914805
435.543898,93,15049.85573
254.067974,62,15050.393098
325.351487,73,15050.957073
213.807789,44,15051.462601
345.402951,78,15052.46345
204.146093,48,15052.975813
279.693935,66,15053.520785
322.112089,69,15054.066337
232.460827,49,15054.581058
342.029059,80,15055.582268
234.322299,57,15056.116187
294.638815,60,15056.656076
727.505577,163,15058.688252
308.005402,71,15059.247064
3452.752909,733,15069.211097
1155.646291,243,15071.795958
796.786792,172,15076.140183
616.962558,131,15077.67882
383.694868,92,15078.277329
1052.980529,235,15080.874657
2818.743524,612,15091.285511
971.499566,210,15093.824368
377.721478,86,15094.398751
349.612568,83,15095.400169
291.095656,69,15095.949428
269.012659,61,15096.918459
867.736559,195,15098.564712
578.854039,132,15100.095953
419.135232,96,15103.47821
329.595844,66,15104.016252
931.018359,208,15106.546203
846.222068,192,15108.178485
1197.784624,266,15111.267787
410.344783,94,15112.290079
359.0914,82,15112.856223
566.452063,125,15116.328378
1024.977294,225,15118.475276
1035.134563,233,15121.064615
366.725626,84,15122.074066
970.709352,219,15124.215461
1092.958194,243,15128.854546
363.660767,85,15129.435111
324.887198,72,15130.420646
250.800219,56,15130.943632
317.482655,77,15131.933503
948.144285,211,15134.059837
324.165365,74,15134.617763
295.510317,67,15135.595914
1352.337967,291,15141.931219
1446.677764,312,15145.540162
858.367413,191,15147.616524
1471.893991,316,15150.779114
478.040143,112,15151.834445
1514.186357,332,15158.174733
4457.029719,929,15172.061589
772.086992,173,15174.202828
915.624252,208,15176.305469
737.680094,168,15177.909778
1108.837057,246,15184.640981
989.534422,226,15187.22102
1124.094489,250,15189.844812
1138.495201,253,15192.466067
646.850972,142,15194.010033
710.524222,156,15199.518003
1516.410121,321,15202.693784
1308.726551,281,15205.844937
4135.973284,874,15219.153078
825.177473,182,15221.237866
833.654913,183,15223.311065
872.304088,192,15227.856247
487.590148,102,15228.892165
2162.309281,445,15233.606937
404.753143,92,15234.63799
642.278874,143,15236.191936
1234.907933,264,15241.483045
993.082924,218,15244.042913
1149.720411,251,15246.662344
1124.943264,243,15249.260377
1117.631731,239,15254.123279
1152.896305,243,15256.714893
844.236198,179,15258.765518
828.923807,179,15260.374324
1761.25638,382,15268.653197
1961.365595,426,15273.32551
1484.245418,324,15276.518183
1575.465067,339,15283.945756
518.69999,116,15285.012913
951.293277,207,15287.104731
555.41387,130,15288.642087
1720.993105,362,15292.347319
1062.505065,223,15299.472547
812.782455,180,15301.102302
1455.712849,305,15304.264084
1989.649362,433,15312.539051
1477.593158,320,15315.727922
1106.928689,241,15318.323623
1743.266785,376,15326.967691
2464.937141,523,15332.273451
485.124957,107,15333.324999
2853.501238,612,15344.89494
986.630824,216,15347.461095
1518.762266,326,15350.656827
2272.962323,478,15361.399589
4717.765162,1000,15376.015927
910.233201,193,15378.087102
413.815186,95,15379.113013
517.561522,117,15380.170695
1249.505304,270,15382.83523
1869.223906,403,15390.56529
597.004137,132,15392.093022
395.992516,89,15393.116241
843.529271,186,15395.183891
1429.44214,310,15402.834529
1059.980958,232,15404.992719
1605.311757,342,15408.647824
1436.953086,306,15411.817754
919.530929,200,15416.962118
475.301207,107,15418.460741
1302.732959,279,15421.134311
1499.048566,323,15424.765896
679.892409,141,15429.18686
1915.781195,411,15433.857154
729.196484,163,15435.463513
949.229089,214,15437.588116
772.700082,175,15443.004806
1566.480221,339,15446.24492
631.408944,143,15447.798088
250.747102,57,15448.322131
461.412885,103,15449.365307
1348.254328,298,15452.514576
655.01067,147,15457.563032
514.338752,112,15459.068988
1307.337875,280,15461.755253
1190.363862,247,15464.34742
526.765029,121,15465.865136
1306.421577,289,15471.197449
1002.423281,216,15473.744259
510.459253,115,15474.815313
1008.467416,224,15476.957764
743.917387,157,15478.95909
691.747952,128,15480.04644
531.750688,107,15484.021315
1149.171091,244,15486.613673
1106.929008,246,15489.216053
1988.919222,429,15496.7844
571.794156,125,15497.875352
1110.388142,247,15500.489379
738.54979,165,15502.080298
4685.957665,1000,15516.11454
787.516656,173,15518.155214
3771.875613,803,15532.375075
1593.395857,346,15536.126747
2526.75167,524,15544.595376
857.281269,189,15546.68093
1872.863725,406,15550.870244
1003.065748,220,15557.091315
369.354477,83,15557.672768
305.337557,64,15558.651608
423.571772,90,15559.239013
902.973604,199,15561.328167
1028.564597,229,15563.919269
881.024024,191,15569.846289
2231.216284,477,15574.646874
1632.372059,358,15578.328693
1199.253304,257,15586.181355
753.538159,167,15587.82347
612.241291,127,15588.924825
744.825496,145,15590.510014
2288.745257,478,15600.007911
1095.313188,227,15602.18034
2799.386379,594,15608.634417
1622.883774,355,15615.710819
820.839398,164,15617.762254
2251.999651,481,15622.632319
768.316196,167,15628.519516
1908.085778,415,15632.853732
1082.627715,236,15635.4863
738.395568,146,15637.06808
1661.520577,351,15645.067596
1290.900315,283,15647.791592
967.215663,212,15650.375066
1242.155223,266,15653.073288
761.003435,168,15658.127815
2681.009823,572,15664.486539
390.230529,80,15665.046208
1573.777238,339,15673.163897
2035.54482,445,15677.877636
2129.82813,447,15687.595093
1691.896021,363,15691.311584
835.476007,183,15693.375971
1509.580095,328,15696.589542
3004.136202,648,15706.564009
1754.115554,378,15710.737317
3364.601429,714,15723.224944
751.517234,170,15725.254608
1052.876624,225,15732.032019
775.725561,170,15733.622531
1661.381449,360,15737.732669
1590.492954,331,15740.936839
2862.031458,616,15751.790775
1581.445303,336,15755.003854
1694.636009,365,15764.027737
1948.301145,422,15768.27298
1425.50144,299,15771.429511
2209.371235,461,15780.994712
1642.633809,355,15784.67493
1054.252382,229,15787.261472
1884.542133,401,15796.38225
1089.477974,232,15798.9651
1294.124183,267,15801.606086
1362.774866,298,15807.475403
848.046679,188,15809.537679
966.427459,203,15811.632669
2205.061693,472,15819.140656
489.66221,109,15820.193551
1283.09445,281,15823.284142
1087.994349,236,15825.883995
3883.084444,825,15839.00879
1392.885991,293,15842.148545
952.930337,208,15844.266319
1335.496242,286,15853.019944
2297.510355,488,15858.242437
1876.465919,399,15866.111134
2119.254312,455,15870.850569
605.781716,133,15871.938612
530.247783,103,15872.983787
431.366844,95,15874.008569
3072.851976,661,15885.681476
2442.334521,516,15894.423959
1055.875819,224,15896.572402
987.97702,210,15899.135
2675.01002,569,15909.099621
392.571312,81,15910.099246
3192.705869,667,15916.908589
332.419462,77,15917.475216
555.150851,107,15921.215257
400.663554,80,15921.783247
518.556041,111,15922.838476
485.467497,102,15923.878942
1641.365633,345,15927.542068
384.333111,84,15928.557283
1081.73691,235,15934.837675
660.784021,135,15935.941103
283.421095,64,15936.913182
310.491628,67,15937.4598
685.950042,139,15938.993609
1175.877712,257,15941.623275
672.632169,150,15943.183944
1202.181498,253,15949.444392
819.592196,174,15951.486784
2447.309746,528,15956.78423
282.505395,61,15957.318727
298.306415,61,15958.289826
1399.193601,303,15963.737793
762.036095,166,15965.351463
561.781495,125,15966.422073
1132.631352,245,15969.032929
426.039558,96,15970.06499
901.729975,200,15976.263325
1704.434592,354,15979.955895
1419.722446,302,15983.110035
1393.929989,300,15986.260462
981.854816,210,15992.6572
479.329512,104,15993.698475
1090.721733,226,15995.828804
1814.639918,400,16000.018784
707.585906,151,16008.008068
423.528234,94,16009.03327
1118.318137,247,16011.661769
1073.529995,235,16014.253972
1944.230998,416,16020.684565
711.513188,159,16022.268393
1044.746921,230,16024.869542
587.834759,127,16025.961394
625.351312,136,16027.492207
1723.027824,363,16036.127487
1724.557594,377,16040.299234
587.828107,123,16041.387091
1437.102176,307,16044.546001
1103.605898,242,16052.788886
1607.836031,325,16056.385095
1090.7548,235,16058.967624
1308.66378,282,16061.643684
595.563388,132,16066.777051
859.095157,186,16068.828288
1635.547463,352,16072.510092
1367.152809,302,16075.748266
1453.326032,312,16082.839355
550.17568,114,16083.9021
861.392381,182,16085.946876
667.648061,146,16087.496166
954.651704,177,16089.091789
1230.06698,263,16094.507016
1748.516145,373,16098.637944
1425.859536,307,16101.805175
1216.128637,249,16109.767031
1370.332348,292,16112.903099
2287.781758,486,16118.118444
1961.01874,420,16126.545645
2109.047475,445,16131.237985
1457.031139,308,16137.981881
1993.670285,412,16142.186169
270.739018,60,16143.15033
1379.143879,305,16146.320607
473.416979,107,16147.372891
849.00778,188,16151.786086
707.468938,158,16153.363298
950.861954,212,16155.48087
964.23195,210,16157.590931
922.431992,212,16159.703187
1104.839868,234,16164.957446
991.966559,212,16167.062181
2285.375394,492,16172.295758
762.043565,170,16177.047968
752.449606,164,16178.653118
1703.44729,368,16182.352884
292.208014,65,16182.8931
345.504201,75,16183.885157
1358.457725,299,16187.025624
408.078228,92,16190.818197
770.556168,150,16192.36433
421.434855,94,16193.38987
414.467334,87,16193.969318
305.165377,65,16194.939666
283.079317,63,16195.470999
294.9374,67,16196.015136
670.772615,138,16197.56445
704.944141,155,16199.139084
1130.475835,248,16205.328213
2022.01956,435,16210.022101
881.614088,175,16211.618736
491.591863,113,16213.118047
419.340974,99,16214.152617
809.946789,181,16218.539378
631.64447,140,16220.094349
457.564284,105,16221.14603
739.904426,150,16222.697055
484.951359,113,16223.760888
177.391428,40,16224.256075
288.20226,72,16225.254263
272.916847,71,16225.807025
384.913587,77,16226.813679
549.915796,118,16230.11156
307.363947,74,16230.672542
495.705334,111,16232.16655
703.345767,146,16233.715333
326.254456,78,16234.282118
338.83379,76,16235.2749
330.753623,75,16235.831134
262.102007,63,16236.37272
188.191557,44,16236.883539
206.351214,46,16237.391222
367.79388,81,16238.403891
453.730477,107,16239.459607
192.806425,43,16239.964083
221.616706,51,16243.058219
601.144223,117,16244.124321
342.949444,65,16244.667261
407.661878,90,16245.681394
357.615534,81,16246.689872
549.927307,124,16247.775518
1070.950684,218,16250.323639
482.664337,107,16251.371275
955.81113,199,16257.448879
156.177314,32,16257.501884
657.197628,137,16259.04022
603.47743,141,16260.591438
2283.726606,483,16265.795302
605.631534,128,16266.881908
1826.392403,399,16274.134244
466.333853,107,16275.189275
1082.790191,238,16277.777429
713.510362,153,16279.339133
677.26529,151,16280.910361
405.760044,96,16285.087191
918.787325,207,16287.186302
678.354384,147,16288.730654
347.502358,75,16289.722035
485.804168,102,16290.760632
748.443147,165,16292.341244
349.201074,74,16293.341689
818.87962,175,16298.830746
798.182572,176,16300.882688
1491.734352,315,16304.019038
696.54315,153,16305.596077
870.032818,192,16307.676101
690.57138,156,16313.889707
2063.137134,438,16318.567084
1066.93254,234,16320.727105
2329.00876,485,16328.378297
781.660611,173,16329.985211
207.529695,49,16330.494905
4061.161181,864,16342.965481
323.718937,71,16343.513727
353.566923,78,16344.503438
406.019531,83,16345.076556
430.334952,91,16346.092908
598.240824,130,16347.619622
393.964639,79,16348.186646
528.681661,110,16349.677906
267.373237,58,16350.209052
847.364604,173,16354.470992
702.995296,156,16356.038943
321.404177,69,16357.020332
433.332062,99,16358.053782
465.864331,96,16359.087404
1103.72889,234,16361.216272
540.817765,118,16362.724542
495.768518,109,16365.964839
386.437617,86,16366.965445
662.652796,140,16368.064621
240.464218,55,16368.582004
834.016467,186,16370.634333
294.707254,61,16371.170818
1258.697899,269,16374.246468
746.747056,153,16375.805086
455.860703,99,16378.744002
705.796046,157,16380.315052
1046.265674,233,16382.912077
700.799265,165,16384.501274
1143.577697,254,16387.11823
706.947037,153,16390.718167
281.772955,68,16391.263012
247.12239,62,16392.236504
604.088773,131,16393.317772
1834.342479,403,16397.518565
304.768435,75,16398.511948
388.031435,93,16399.541153
759.793601,163,16404.080068
1915.811318,416,16408.319945
855.662622,192,16410.409356
279.936548,68,16410.953768
300.179886,70,16411.937921
704.71061,155,16413.508784
744.406835,152,16418.954751
764.909435,170,16420.562946
748.079868,153,16422.124693
1069.705946,234,16424.715682
2034.242204,437,16432.610684
819.103847,183,16434.757381
793.285388,181,16436.380342
2298.705187,482,16441.56704
666.392918,149,16447.297291
1466.186475,311,16450.419246
2726.145928,581,16456.627279
716.372839,150,16461.119429
871.035076,192,16462.744433
89.886575,21,16463.21147
122.104336,29,16463.257179
1244.827254,278,16466.357288
1125.866862,237,16468.952805
474.609253,116,16470.022213
1030.11154,227,16476.860812
903.685636,204,16478.925549
742.957547,165,16480.522394
2645.352387,569,16489.410093
1963.996037,424,16494.075576
1972.378051,429,16498.318998
990.69925,221,16503.732235
397.841302,84,16504.743031
1812.976106,380,16508.449643
1483.032728,324,16515.078913
1474.399824,316,16518.269281
1161.069991,256,16520.903921
1086.474474,240,16523.500588
2237.768159,471,16531.620542
837.217194,187,16533.68836
1035.162211,228,16536.241673
3838.620976,815,16549.029064
465.15774,103,16550.069098
1597.559479,341,16553.720283
405.445074,87,16558.733361
781.461905,174,16560.789039
1017.524941,224,16562.928062
3708.316208,790,16574.977102
935.678755,205,16577.069794
1307.021107,282,16580.157319
416.950415,97,16581.18667
455.805787,103,16582.227068
496.120815,113,16587.082116
1060.378869,229,16589.674589
2002.393226,433,16593.959419
3510.340647,744,16604.610996
733.304573,167,16606.653304
1340.560813,297,16609.812221
3382.894137,717,16621.798245
1100.692605,239,16624.458356
700.251894,155,16630.296212
430.005394,102,16631.365542
3404.401765,726,16638.924725
1007.103518,207,16648.606899
1006.667519,219,16650.786186
1207.468818,252,16653.429892
1258.795219,239,16656.0599
1765.559024,378,16665.914971
1575.364644,347,16669.609828
568.848708,133,16671.148018
4044.452919,856,16685.627283
1316.816867,288,16688.740178
742.224634,161,16690.307607
2699.468058,566,16701.268109
3501.481419,742,16712.453588
4687.271604,1000,16729.014848
2239.271724,478,16734.171847
796.620887,178,16735.788629
1061.545614,235,16741.559942
2467.67247,531,16747.284774
1440.87544,316,16750.458647
931.72002,203,16756.410136
619.20737,137,16757.955564
911.532107,188,16759.564229
761.786711,155,16761.557229
694.967493,142,16762.66262
730.337978,150,16764.222007
3328.150446,685,16775.900322
1851.99323,395,16783.652056
2180.058293,456,16788.344158
727.534507,162,16789.938871
1293.039038,265,16793.032636
927.286643,193,16801.330598
3220.424448,679,16808.215944
1222.1796,270,16813.835547
421.983646,99,16814.87041
979.271785,215,16816.981861
942.549684,206,16819.069664
930.132783,198,16821.162863
1382.497369,294,16828.146256
2765.281147,585,16833.978816
1894.434166,403,16842.412811
648.31086,128,16843.496377
2273.099609,480,16848.692008
4725.78329,1000,16862.696547
1199.402022,257,16865.315961
480.579427,91,16869.728004
598.982068,122,16870.801817
1075.750505,229,16873.379178
1170.016154,248,16875.982082
3720.455435,774,16887.403646
587.643325,119,16888.477734
1053.539332,218,16891.016916
665.916917,143,16892.55445
578.790057,125,16893.644977
1918.845505,418,16901.687352
690.552014,132,16902.771733
2987.189954,647,16912.771583
530.040352,102,16913.827793
431.954476,96,16914.858933
443.833211,100,16915.887708
428.390413,95,16916.905822
2453.291286,524,16925.155326
875.828138,186,16927.212396
576.601807,130,16928.738094
1421.976764,308,16931.884153
281.355219,67,16932.436192
266.298308,62,16933.415403
471.172336,95,16934.007004
1077.565472,228,16938.946925
998.384265,209,16941.024606
834.448135,161,16942.601366
3332.150112,719,16953.555211
493.929867,93,16954.575954
813.98499,168,16956.160257
2047.492695,427,16960.845875
1846.100325,384,16967.409137
554.097056,111,16968.464989
768.166794,156,16970.481654
681.723225,138,16971.580816
784.037703,172,16973.627755
4078.188323,872,16985.649976
2697.418032,570,16994.828866
2284.483359,490,16999.606278
944.709647,204,17004.631409
943.116591,202,17007.152225
1166.881458,249,17009.762573
768.821319,159,17011.355616
523.292631,112,17012.416929
446.381218,90,17013.441275
528.113924,114,17014.499056
1058.903236,225,17020.345618
1415.882541,297,17023.047468
1118.12249,234,17025.638886
573.372298,116,17026.702976
1547.974499,328,17033.039299
2436.181474,523,17038.338377
400.003159,82,17039.338349
312.490712,74,17040.343988
535.766473,114,17041.412155
249.009341,59,17044.21235
255.231716,62,17044.756298
486.125344,110,17045.820197
293.598607,74,17046.816178
405.460385,87,17047.83115
99.283831,23,17047.868074
560.488717,126,17049.387175
83.32105,20,17049.417219
1143.625497,248,17052.037672
273.224357,61,17052.57162
77.894434,18,17053.035098
535.575177,112,17054.095971
628.123742,142,17058.181639
307.551661,72,17058.730803
1055.723085,242,17061.32083
878.886062,189,17063.378469
1115.035782,252,17065.996016
340.07381,78,17066.557277
563.977141,128,17070.388722
1007.878751,220,17072.487384
1177.011913,250,17075.085619
1195.633465,250,17077.67378
702.786852,139,17079.208177
3741.105441,801,17091.947662
425.761703,95,17092.980346
1962.62639,424,17101.261438
993.16063,203,17103.351971
1430.433976,318,17106.531721
282.231397,67,17107.08081
256.285561,62,17108.053282
312.046871,77,17108.619969
222.511494,55,17110.959288
212.410367,54,17111.487218
828.563299,189,17113.557798
751.950364,169,17115.155299
3209.24958,680,17125.053767
609.484256,126,17126.56567
416.169795,82,17127.129817
468.101966,92,17128.149152
1054.7186,229,17130.729429
609.787296,124,17131.798753
1003.757479,226,17136.85998
1160.204734,246,17139.026596
664.716443,151,17141.022528
392.424485,77,17141.592133
478.824679,96,17142.610317
672.416752,138,17144.145884
744.300035,142,17145.68193
727.673077,154,17149.698413
909.319494,191,17151.347262
1541.045728,314,17155.024862
339.686589,80,17155.59694
452.778948,86,17156.600974
724.828759,157,17158.163822
644.690717,137,17159.710715
869.357478,173,17163.711159
565.135439,123,17165.226696
308.117712,74,17165.781687
1178.411998,242,17168.379246
475.1609,95,17169.419148
753.466504,159,17170.998019
246.207121,62,17171.959737
1611.942111,355,17178.332346
537.707197,114,17179.390555
1170.056419,251,17182.002511
872.103849,192,17184.072189
481.310697,95,17185.106358
818.838937,171,17189.100745
386.300517,74,17190.098277
595.568677,132,17191.19206
360.081043,80,17192.190533
763.235111,155,17193.758879
424.638576,84,17194.768263
398.016824,78,17195.334061
531.174828,107,17196.379361
411.075108,78,17197.379832
1718.156153,366,17203.432902
393.42867,77,17204.43188
483.760307,106,17205.477068
607.229084,126,17206.549244
496.036442,97,17207.575409
931.470419,189,17209.629195
370.516688,70,17210.182828
391.95449,88,17211.205231
1375.536554,295,17217.181721
285.86711,60,17217.720986
398.813508,81,17218.717648
334.563444,65,17219.2516
401.798608,81,17220.250254
429.991339,83,17221.252507
908.846349,198,17222.890675
551.759552,111,17224.373608
1544.784573,323,17230.125711
483.368844,98,17231.152087
399.14555,79,17232.14981
395.789046,81,17232.720215
735.731023,145,17234.250653
1894.426613,403,17241.203906
1340.652207,285,17244.277766
447.165003,89,17245.290636
502.040894,104,17246.338591
1883.067195,399,17250.53036
781.076238,152,17254.591982
670.207796,132,17255.680135
663.781724,153,17257.658143
502.852895,97,17258.253326
1133.097331,235,17260.801818
580.452892,111,17261.850152
431.848199,85,17262.865228
829.578942,184,17266.997231
669.360291,150,17268.554986
302.06184,60,17269.087452
399.196626,78,17270.090514
492.865921,92,17270.684227
441.752577,92,17271.708179
290.331119,65,17272.691381
568.257339,112,17273.736381
368.043251,88,17274.754372
650.977734,146,17275.869425
480.420908,91,17279.15609
1115.912062,224,17281.718185
423.614836,83,17282.286672
424.093877,85,17283.299307
310.573507,72,17284.287644
775.746818,148,17285.836893
923.527786,193,17287.461782
659.339391,140,17294.008939
955.816993,212,17296.125889
990.265704,212,17298.678055
937.857344,206,17300.760983
617.130723,122,17301.825875
609.883504,121,17303.327973
1283.148429,276,17309.252951
745.863636,162,17310.84307
499.597942,112,17312.341866
517.271609,98,17313.369426
798.9888,174,17314.961205
721.894016,159,17316.53688
1585.159092,325,17322.917394
763.813791,159,17324.485984
600.608638,114,17325.54787
662.218748,133,17327.073167
2308.671789,478,17335.926053
205.427595,52,17336.451793
842.216496,179,17338.49407
2237.725223,481,17343.694744
1092.613877,229,17349.003354
1217.053964,254,17351.603087
1154.989546,244,17354.212619
719.733465,155,17355.772231
452.452383,85,17356.781709
698.533286,148,17358.333809
627.039532,140,17363.85669
506.541536,97,17364.896546
796.403142,157,17366.454399
2225.147254,453,17371.198086
986.959451,211,17373.301609
508.689235,99,17376.698435
540.022189,113,17377.760847
436.655901,89,17378.784819
1230.205693,252,17381.410783
954.091819,207,17383.509198
1141.589442,235,17386.094212
908.742397,200,17391.20065
506.834792,112,17392.254802
1377.789028,302,17395.404413
700.114533,131,17396.923111
1543.902699,335,17403.858097
648.234027,136,17404.971266
467.62661,98,17406.025439
1821.590367,394,17410.308451
1760.767019,372,17417.837431
869.591581,176,17419.475311
623.936632,126,17421.04126
658.655085,124,17422.141641
765.917918,157,17423.758659
812.020831,167,17425.835361
1314.759259,273,17431.533278
317.390096,71,17432.536334
2491.995615,532,17437.970891
123.109439,27,17438.452341
1076.628494,220,17440.6422
1122.588064,229,17446.921718
1365.814945,289,17449.584299
954.338571,199,17451.663442
1147.566942,245,17454.274207
804.995802,175,17460.56826
999.801757,218,17462.694787
1192.004836,257,17465.326166
447.27132,95,17466.359079
1789.948086,374,17474.049891
1778.227542,373,17477.759948
1769.201694,378,17481.919291
769.897828,151,17483.478293
1137.047774,222,17488.663986
511.389406,103,17489.71068
1198.059808,247,17492.322504
929.596947,195,17494.394368
327.702027,73,17495.379789
412.781554,83,17495.950719
560.362336,117,17497.440089
938.832518,194,17503.098439
473.295313,100,17504.120979
2566.142155,550,17509.886576
1043.217092,219,17515.186447
1904.341756,395,17519.320815
963.748568,214,17521.419093
1134.712017,233,17523.987596
930.515415,187,17528.115016
853.132005,169,17530.12797
749.898289,157,17531.698275
998.649331,216,17533.809273
1458.969519,314,17537.407353
846.261953,182,17542.615959
2879.876531,609,17548.899018
809.65157,174,17550.961555
670.095864,138,17555.545944
797.254507,177,17557.148819
547.341482,123,17558.659598
793.908914,179,17560.290531
708.482981,154,17561.850812
2025.736038,431,17569.903859
857.53435,173,17571.518175
1688.02271,357,17575.194176
732.054394,159,17577.20809
764.580143,168,17578.790178
422.699617,91,17582.062873
486.626062,101,17583.114836
1469.864447,307,17586.264567
620.630803,142,17587.80989
539.799664,115,17588.878861
1556.683857,336,17595.416955
476.972075,107,17596.475519
1061.575692,227,17599.04541
1116.872225,225,17601.171537
1482.45811,323,17604.376974
1386.278755,303,17611.463156
814.644352,164,17613.070974
2046.818592,435,17617.834384
536.317763,117,17618.912618
544.551612,119,17622.643741
1425.311391,303,17625.827386
1325.52856,278,17628.984933
771.01956,157,17630.581743
675.054692,138,17632.157835
539.618095,108,17636.026158
422.021773,83,17637.054655
635.217996,129,17638.161736
842.672099,169,17640.226115
1692.374096,354,17643.9527
347.962643,72,17644.509933
3605.787529,756,17657.673795
2042.787587,431,17667.066218
923.868545,197,17669.157512
917.449994,193,17671.251677
80.060549,17,17671.279132
789.363645,166,17672.861426
1638.231941,341,17676.513021
542.974946,114,17680.899228
3305.158265,702,17688.230154
1122.96208,241,17690.809948
941.336244,202,17696.243005
858.999687,162,17697.819089
2164.372664,454,17702.999263
4731.992227,1000,17718.365984
356.559411,74,17718.915709
567.780884,108,17719.965975
1437.350443,310,17726.643732
1000.573202,204,17728.723889
516.209316,112,17730.219862
1318.545872,276,17732.883214
797.153787,176,17737.856507
1485.110187,318,17741.017908
846.120165,185,17743.081088
529.997238,109,17744.133092
775.721982,160,17745.723708
711.113726,158,17747.302764
1485.053984,330,17754.269409
2642.520289,577,17760.512398
1968.089536,420,17767.804713
1939.363771,409,17772.00168
757.561304,156,17773.575621
903.29792,198,17778.379435
1131.941194,227,17780.926418
860.85924,181,17782.541218
4742.079721,1000,17797.514915
1491.653819,312,17801.096576
667.584784,141,17802.200727
2196.050766,464,17810.389196
978.818067,210,17812.500433
722.955949,155,17814.070683
1027.277103,223,17816.198548
1948.444153,411,17824.635829
1247.843967,249,17827.27816
515.684859,98,17828.32347
592.873445,119,17829.417827
2805.002058,585,17839.12607
271.36758,61,17839.662918
1057.601578,222,17841.867719
482.809994,95,17842.922229
2760.845176,582,17854.131939
472.751395,107,17855.19591
1300.537925,282,17858.376659
603.868743,117,17859.461114
1010.686513,226,17865.73302
1135.800281,234,17867.920926
380.589635,86,17868.948071
1489.426295,311,17872.168127
1140.332636,236,17878.969004
479.095609,105,17880.016047
471.310872,104,17881.064355
424.878573,96,17882.096671
3504.807499,747,17893.810592
1144.056297,248,17896.432113
875.165029,182,17898.048372
609.38643,121,17899.555509
2088.24609,447,17907.9
714.731596,141,17909.444945
1832.242142,376,17913.148444
536.419125,109,17914.218168
1386.268544,291,17917.340117
1753.092386,360,17924.387284
958.131839,205,17926.484228
1231.859862,258,17929.538538
1031.529507,210,17933.950001
463.918203,92,17934.980062
670.035623,134,17936.085914
312.194517,71,17937.076966
896.693488,199,17939.172271
556.233456,111,17940.24043
2094.954185,444,17948.312273
2538.861558,537,17954.033558
668.79593,141,17955.149742
470.295261,108,17956.632638
759.632543,167,17960.900434
1396.140832,306,17964.055141
767.704673,155,17965.627751
2468.267847,526,17975.912027
1301.215535,266,17978.53928
655.808668,132,17980.059723
349.067225,78,17980.631655
428.201121,99,17981.670165
727.600652,161,17983.233994
1138.291488,246,17985.830351
273.460052,61,17990.505389
681.308142,136,17991.600021
634.658178,139,17993.147363
1149.870079,240,17995.746694
1842.00406,393,17999.897825
391.673955,84,18003.148788
586.958685,123,18004.669338
437.065405,91,18005.697877
726.783725,163,18007.296393
308.844759,70,18007.849286
1770.95991,372,18012.010512
1541.775166,324,18018.160892
528.920584,104,18019.210217
940.024181,202,18021.284013
575.972808,122,18022.793034
1739.205287,376,18026.512915
2590.388696,549,18035.598242
909.571351,195,18037.656137
886.520419,186,18039.718034
599.967272,130,18046.831679
1939.974366,405,18051.023013
1199.909059,244,18053.161747
810.452081,171,18055.279113
288.34621,59,18055.81112
917.414499,205,18062.282959
2470.065543,521,18067.966879
397.773933,82,18068.54002
1914.066586,403,18075.153839
722.247856,152,18076.708357
245.683375,57,18077.241165
2179.446839,457,18082.40844
1532.95499,341,18089.559006
690.456608,137,18091.093741
1318.44646,273,18094.17143
534.95627,122,18095.246444
706.659873,154,18096.824738
1712.869553,364,18103.201476
1315.602361,273,18106.281504
2381.789121,516,18111.5677
418.880736,94,18116.994212
1328.616546,279,18120.079066
316.772785,71,18120.629853
251.472836,61,18121.161613
277.393709,64,18122.131688
843.786251,170,18123.723233
3219.7993,684,18134.680537
801.259412,177,18136.306617
510.712623,108,18137.362629
698.61943,151,18138.92609
2158.831061,459,18147.321151
1082.593855,237,18149.460365
1183.487196,246,18152.073246
1040.863161,218,18157.690281
545.910526,121,18158.763538
1069.198376,227,18161.343061
4758.451963,1000,18174.630844
1285.261531,279,18177.307599
1083.099563,225,18179.875136
672.899286,148,18184.568965
1145.41902,253,18187.190298
1967.423362,422,18191.41233
733.036456,163,18193.003933
588.444066,123,18194.519197
2544.145678,530,18202.754223
367.909656,80,18203.759295
801.873543,176,18205.810339
889.7207,189,18207.448253
1448.788385,308,18213.97543
656.074892,133,18215.493476
548.509075,117,18216.557593
1107.627481,219,18219.109237
588.439123,129,18220.200807
2994.075508,638,18230.805765
1218.37025,266,18233.979963
2792.387166,589,18242.565294
172.644778,34,18243.054227
979.69718,209,18245.176452
668.576586,138,18246.713886
545.800134,112,18247.768346
756.510277,152,18249.333683
1201.809518,255,18254.903621
506.888507,99,18255.937199
872.803682,184,18257.993718
505.516995,113,18259.051349
1108.156276,233,18261.618078
630.102427,132,18267.448598
1111.116593,242,18269.627448
1583.507646,339,18273.278995
476.060983,107,18274.332353
1417.851858,299,18277.473691
973.263336,198,18285.725753
611.630647,135,18287.264327
1190.775263,245,18289.865735
266.716645,53,18290.385123
552.26112,123,18291.469374
572.901803,128,18293.000347
3190.262811,674,18303.874666
1477.138114,315,18307.459442
825.82876,181,18311.839395
1415.318571,302,18314.96701
675.19872,150,18316.523007
1524.180474,316,18320.152472
1700.812456,362,18328.232424
608.885503,138,18329.771718
2146.156696,447,18334.469206
790.850928,178,18336.094905
338.647262,76,18341.075063
1168.348894,256,18343.698351
931.025335,203,18345.80605
799.715577,170,18347.406331
1187.22201,255,18350.023644
913.081401,192,18356.527923
1220.785059,257,18359.143707
1238.755135,260,18362.205827
1288.085171,274,18364.85277
388.557893,79,18365.856225
382.665983,82,18369.220155
4161.202878,866,18378.628571
643.458053,147,18383.778415
421.006102,93,18384.372313
787.908389,176,18386.451129
436.60358,100,18387.508651
993.139988,207,18389.666966
631.572407,139,18391.243757
815.861757,171,18392.891333
1016.446606,213,18398.341277
2286.005447,478,18403.664204
396.260487,93,18404.733386
533.995654,117,18405.827042
675.115637,143,18407.405565
2769.652341,600,18417.810583
461.335903,99,18418.845466
493.945447,95,18419.876153
903.309564,201,18421.975334
489.241123,94,18426.147419
652.346383,135,18427.683516
1968.450226,416,18431.909159
564.846772,114,18432.958637
899.99883,191,18435.028528
1214.743457,259,18440.524836
1360.126955,290,18443.630592
522.510595,106,18444.668866
1053.191282,220,18447.233896
816.530812,169,18448.833348
435.542666,87,18452.457428
1271.138663,278,18455.138811
657.870774,139,18456.667311
481.984982,112,18457.722031
446.37722,100,18458.766502
485.036569,109,18459.828079
673.9498,140,18461.362388
1577.695454,342,18468.088814
689.115269,148,18469.644841
1126.006821,234,18472.224738
650.467764,139,18473.329919
891.056895,185,18475.380552
518.999719,115,18478.789226
505.93924,98,18479.82298
483.746163,95,18480.850264
1369.359871,293,18483.978676
602.664556,117,18485.485617
3142.357566,665,18496.130039
532.240644,119,18497.200182
438.342626,95,18498.237927
690.869188,134,18499.771078
555.750002,127,18500.877284
371.240491,84,18501.89836
376.917205,88,18505.636337
1065.460454,226,18507.782665
865.75785,181,18509.834074
717.934797,150,18511.413943
831.778236,179,18513.046962
198.526024,44,18513.558207
275.50927,63,18514.538893
1018.059812,214,18520.064408
1404.335797,303,18523.23685
990.154506,218,18525.360921
537.754068,115,18526.850082
251.276901,51,18527.3706
404.508528,83,18527.945167
420.703972,89,18528.973443
195.950624,40,18529.475703
882.201968,186,18534.778801
2200.987346,463,18539.526237
1101.688076,243,18542.195441
1002.898725,215,18548.933441
1073.838351,226,18551.547779
1783.166896,382,18555.357327
611.626433,139,18556.948462
1571.487579,331,18563.549557
713.167764,140,18564.677099
1416.834491,294,18567.877169
582.971147,127,18569.417991
1277.942169,274,18572.143956
1716.783104,374,18581.899941
1444.54337,319,18585.146788
1867.674786,391,18593.776621
2122.911541,459,18598.495622
739.58799,152,18600.054142
1593.012318,345,18607.353534
1469.261928,308,18610.521841
501.03491,101,18611.548562
1458.503713,305,18614.673721
1410.448513,304,18621.136401
200.591769,42,18621.636911
412.189543,96,18622.679384
574.304188,132,18624.221754
155.934526,33,18624.276079
2308.473366,486,18629.510209
1820.571441,392,18637.477677
1774.55722,382,18641.646253
1145.326708,248,18644.266441
558.926983,119,18645.334916
557.107343,112,18650.089125
613.88359,125,18651.603304
1025.254187,212,18653.706026
2771.716472,590,18663.726827
1454.616226,311,18666.903698
658.841433,147,18668.467517
2288.614798,484,18673.695565
311.954354,70,18678.019543
1321.265538,279,18681.118862
1315.947677,274,18683.761347
867.729843,191,18685.847589
4413.337047,922,18698.204279
750.019703,165,18700.231053
357.0821,74,18700.785564
337.00561,67,18701.328851
387.782298,77,18706.06025
906.176486,187,18708.101307
1012.546332,200,18710.170087
335.294146,69,18710.71776
346.582629,70,18711.69953
1490.816164,314,18714.876719
411.060045,85,18719.343859
422.140316,84,18719.915176
645.510686,142,18721.470858
2012.448733,415,18725.679202
1811.5836,392,18732.46838
543.58871,103,18733.514067
783.766487,159,18735.075409
1577.591062,329,18738.693094
818.42549,185,18740.745034
674.118735,129,18741.82105
443.790547,100,18745.613007
507.013716,93,18746.634296
1777.714842,371,18750.785729
978.722161,205,18752.903337
508.227239,109,18753.949645
768.486129,160,18755.512221
631.348438,136,18760.014214
953.051713,192,18762.088695
1200.035215,260,18764.721254
1884.846743,388,18768.882676
937.275028,198,18775.701192
1553.555248,330,18778.897037
1076.945546,228,18781.463673
452.698189,96,18782.494188
847.140178,174,18784.088031
840.05675,182,18791.258031
2338.452617,491,18796.464621
557.453898,125,18797.534563
752.909849,166,18799.129232
1213.909999,253,18804.441007
1391.781449,293,18807.566769
1618.447276,348,18811.233395
785.242002,176,18817.328702
1480.327112,313,18820.496366
840.077829,187,18822.547339
1639.85342,354,18826.197282
595.801262,119,18827.259178
570.384262,121,18832.062368
927.908499,206,18834.147459
1018.226416,227,18836.278605
2054.044691,437,18840.992568
526.29424,113,18846.001918
671.653497,142,18847.547977
2272.278904,474,18852.757572
545.943981,111,18853.815213
634.874976,144,18855.370395
783.68469,177,18861.305417
380.242738,82,18862.312836
4711.36869,990,18876.471775
335.880159,71,18877.025275
1508.036774,327,18880.645102
937.77616,201,18882.74545
799.380116,182,18884.385845
645.110052,148,18889.578226
551.228677,124,18891.102079
495.168402,108,18892.157845
723.776668,161,18893.755417
828.516278,183,18895.822298
1687.920842,352,18902.951089
893.066704,199,18905.041563
1992.130563,419,18909.26741
3356.123069,711,18919.965129
1417.524079,320,18923.580082
1729.118771,368,18931.893083
2255.183796,473,18937.096301
1757.431149,372,18940.787951
1204.711599,265,18946.820544
1042.823205,219,18949.382142
581.534103,112,18950.435471
1940.069894,403,18954.703692
1462.05478,302,18960.767297
754.887976,160,18962.367486
1035.661907,218,18964.928842
138.407917,31,18964.978863
1189.605711,252,18967.600929
1371.044117,297,18973.529052
797.514279,163,18975.542255
146.934803,34,18975.599018
1776.340808,364,18979.296179
1145.675498,255,18984.913537
756.669882,171,18986.502419
403.400855,82,18987.516043
372.535181,76,18988.086994
947.681435,189,18990.146293
386.815707,78,18991.145282
321.015615,69,18991.693831
158.20066,35,18992.190131
727.38687,146,18993.746111
777.356997,173,18997.526769
481.385836,100,18998.571727
364.223405,86,18999.591477
490.695777,115,19000.662754
784.40107,173,19002.277874
77.488981,17,19002.738339
733.803746,157,19004.310754
2320.379286,487,19011.825998
472.601897,98,19012.856274
1446.082122,302,19016.005322
262.544257,58,19016.539404
202.281832,45,19017.049316
661.789231,136,19018.159214
762.309258,163,19020.182459
229.197106,52,19022.957962
162.184065,38,19023.45636
440.610938,105,19024.496215
405.599247,86,19025.073134
909.517931,205,19027.167877
330.313784,71,19028.151354
109.921248,26,19028.194094
527.713858,113,19029.688871
2257.482082,481,19037.191271
124.759308,28,19037.67112
135.337658,32,19037.72371
758.885219,174,19039.771264
132.170689,31,19040.258379
518.811541,107,19041.306173
372.438444,78,19041.864149
170.032279,40,19042.362899
562.629528,115,19043.434286
479.294409,109,19044.918849
361.61811,83,19045.49179
297.819028,73,19048.894173
582.719349,136,19049.99934
135.076095,31,19050.489823
243.597841,55,19051.018225
1228.338259,265,19053.67825
135.829865,31,19054.161661
253.030266,60,19054.697657
1107.180178,235,19057.301438
807.892579,169,19058.877714
636.188041,145,19063.157897
1411.699072,302,19066.274281
145.489662,33,19066.760792
265.990257,58,19067.286039
134.278825,31,19067.77209
672.549092,147,19069.328974
341.977261,72,19069.878241
366.606417,76,19070.87319
133.566703,32,19070.92618
614.706793,128,19074.856233
440.321206,90,19075.874664
565.182492,114,19076.936257
561.193158,115,19077.997694
340.313717,70,19078.976842
639.435189,129,19080.065133
214.314934,48,19080.57803
287.394133,64,19081.117631
136.965229,31,19081.605387
69.388983,15,19081.629228
419.499217,87,19082.64213
842.394138,179,19084.697721
762.812583,163,19088.917053
614.319213,135,19090.443814
2035.675455,445,19094.688773
426.849306,90,19095.70207
350.950745,76,19096.691402
237.752937,54,19097.21117
1369.888455,293,19103.869019
1791.08073,367,19107.547172
330.517038,69,19108.093765
568.60935,111,19109.577168
215.484217,51,19110.093856
247.94179,55,19110.620903
374.807262,76,19111.178172
195.773977,45,19111.685192
342.175172,69,19115.350075
622.104995,134,19116.450951
1378.602617,295,19119.578954
384.564488,78,19120.581681
1305.215859,273,19123.215152
677.933795,143,19124.768284
1025.408835,211,19129.761233
748.73559,167,19131.784447
192.392367,43,19131.851928
265.563472,56,19132.811055
2268.436404,472,19137.686452
467.015223,105,19141.438286
751.818922,154,19143.016154
345.653211,78,19144.024451
791.09546,162,19145.608638
243.554611,59,19146.148613
412.814074,96,19147.188539
390.031024,86,19148.196229
378.880835,78,19148.759747
279.521219,64,19149.743439
843.656151,185,19151.387211
239.308592,53,19154.439008
334.496812,66,19155.420999
455.099516,92,19156.444078
1106.69913,224,19158.549718
322.665671,75,19159.549102
608.709463,126,19160.644975
741.482471,167,19162.248276
543.751817,113,19163.74558
110.047784,26,19163.787729
304.836327,67,19166.862213
272.122403,55,19167.390988
214.442488,54,19167.913219
89.305592,21,19167.94598
95.654715,24,19168.421565
103.725074,27,19168.466933
538.606805,105,19169.512917
676.911235,135,19171.050843
1305.83984,274,19173.715547
227.357696,54,19174.673885
530.076764,110,19175.726515
426.208277,91,19176.748891
380.09332,74,19179.435613
252.991987,58,19179.961041
139.832122,38,19180.455158
204.574937,49,19180.967168
208.263335,50,19181.486034
572.522999,118,19182.563556
423.290381,101,19183.604408
349.690014,83,19184.624051
510.388593,103,19185.671446
376.681463,79,19186.666353
625.905608,142,19187.773196
251.981087,54,19188.726309
302.486326,64,19189.263254
250.786444,57,19191.904886
242.6318,52,19192.424969
287.42528,65,19192.960306
346.156984,71,19193.950735
420.791736,87,19194.529121
512.252847,103,19196.003448
202.213124,46,19196.075843
218.61935,47,19196.591146
1094.026123,235,19199.160634
314.118164,67,19199.70595
187.19204,43,19200.211242
302.041131,63,19201.186425
777.636251,159,19205.0559
308.263181,65,19205.598075
596.52806,135,19207.146025
1012.407327,205,19209.233356
247.968188,54,19209.758529
404.897939,94,19210.795511
264.618756,57,19211.321477
770.341194,164,19212.911574
422.357791,93,19213.941054
560.280767,112,19217.476549
358.03084,76,19218.470343
194.64035,45,19218.975435
339.126648,69,19219.520991
460.130658,105,19220.569814
393.067303,77,19221.565802
434.533688,88,19222.140384
353.678005,77,19223.129287
482.323623,98,19224.155287
788.339559,170,19225.755488
1056.642709,219,19230.885809
583.227401,113,19231.939871
935.002153,192,19234.021535
490.860672,99,19235.060307
639.092762,132,19236.149906
812.405449,160,19238.144453
851.745888,187,19239.771128
437.268422,99,19243.230559
476.591987,99,19244.26066
543.805621,112,19245.752726
1072.394392,207,19247.82215
521.668038,103,19248.862467
1427.768929,306,19252.0312
492.690015,100,19253.067477
424.732461,99,19257.149269
667.534291,135,19258.687413
482.854221,111,19259.740322
471.899668,105,19260.799086
1083.250095,228,19263.396598
336.982741,72,19263.950148
595.084959,135,19265.495806
538.565016,119,19266.572924
650.788304,134,19271.019315
1062.710535,228,19273.177126
547.21425,122,19274.69731
1171.187632,253,19277.329133
1277.83029,276,19279.980421
603.492632,121,19285.270622
708.54178,156,19286.833268
876.183077,197,19288.931313
500.803948,104,19289.978063
990.323918,216,19292.115709
2139.417502,458,19300.999137
1900.6872,405,19305.195546
634.870019,133,19306.717346
402.718204,92,19307.737345
566.456176,111,19308.78704
1573.08223,333,19315.008162
335.328513,77,19315.56958
414.181046,94,19316.603468
1882.895807,405,19320.816374
772.000371,159,19325.903377
406.510529,90,19326.493327
580.89874,113,19327.993335
587.100782,120,19329.067049
623.853948,130,19330.588935
819.544181,158,19332.144519
481.347036,109,19333.202615
466.34246,87,19334.213978
704.751474,147,19339.346416
700.883033,147,19340.881384
957.393824,199,19342.977356
717.637076,159,19344.557073
731.754603,159,19346.128355
2268.666965,488,19354.808613
522.250457,103,19355.852366
2983.738516,632,19362.233361
1092.419992,240,19369.778306
492.718815,111,19370.846706
627.668004,128,19372.364966
518.496835,119,19373.45123
2917.195461,633,19383.857542
864.693965,194,19385.947092
663.105728,150,19387.523827
456.87614,102,19388.570224
568.278828,129,19389.661932
1022.014947,225,19392.234172
542.589446,118,19395.791326
445.770767,102,19396.83712
1035.742668,222,19399.375808
461.407296,102,19400.406852
1981.843273,416,19404.622203
526.414086,115,19405.68106
585.858933,130,19410.635458
393.260799,85,19411.64627
548.326696,124,19412.728095
464.96721,97,19413.757217
856.134625,176,19415.807103
1501.806989,314,19418.957786
2361.434891,499,19428.407876
332.615978,72,19428.961297
1670.295962,354,19432.613896
451.689547,94,19433.641356
2807.236523,594,19443.33382
470.062422,107,19444.384567
503.263146,113,19445.89382
933.976085,206,19447.995063
402.607297,95,19452.440798
2540.587118,545,19458.220679
498.839886,105,19459.256603
1864.511365,389,19468.589426
874.82815,184,19470.665666
123.87778,26,19471.146462
1034.988551,219,19473.293198
819.285792,177,19475.3493
667.242271,139,19476.454406
3047.026944,648,19487.736473
841.13194,193,19489.806197
2313.558034,495,19499.617885
1256.380477,265,19502.369853
573.949791,119,19503.929961
1430.5267,306,19507.159208
742.743796,163,19514.543034
2085.559295,439,19519.335322
3315.740807,703,19530.415518
644.222649,144,19532.01124
4754.870042,1000,19546.194592
989.679436,207,19548.336708
865.013301,178,19550.414098
1462.699722,319,19558.468981
1733.3055,363,19562.170505
1174.367719,259,19564.801152
2005.989565,426,19573.741462
737.631193,158,19575.325443
299.053593,66,19575.876109
836.27186,186,19577.948545
836.133395,184,19580.009598
886.087385,184,19581.624078
433.860799,91,19582.644923
913.493464,200,19588.331173
916.23124,196,19590.390816
3461.66201,731,19603.726934
733.107691,150,19605.274768
2719.026975,581,19611.078988
417.268076,86,19612.086643
710.618496,138,19617.308011
798.20618,170,19618.902713
1489.662321,316,19622.490131
546.652992,105,19623.539965
466.939722,91,19624.55928
525.897485,108,19625.611991
3099.49548,666,19636.541197
1038.635681,210,19638.630454
1244.216789,275,19641.745548
426.844289,91,19645.886257
1327.026159,283,19648.551799
3726.791582,797,19660.115556
589.661169,121,19661.627791
492.885148,100,19662.662602
325.635112,74,19663.216914
875.213432,175,19665.237721
1287.563886,277,19667.89663
815.725033,185,19674.221014
1616.918007,338,19677.855503
298.833702,67,19678.403858
741.687216,168,19679.996212
873.121972,190,19682.07477
1098.418073,228,19687.898262
256.33625,56,19688.424209
2359.2112,500,19693.641835
610.551244,121,19694.712141
528.743966,111,19695.764752
1229.135261,263,19701.577205
1950.669658,412,19705.806412
1066.191736,233,19708.420751
2696.700897,562,19718.801096
561.493517,118,19719.871725
520.40504,103,19720.909855
333.303041,65,19721.453038
405.913068,84,19722.470296
1381.896754,290,19725.590715
673.695626,145,19731.285415
789.161633,173,19732.880012
2056.387012,433,19737.597698
678.846139,150,19739.156669
684.644282,153,19744.251278
1395.802863,292,19747.369118
2213.460312,463,19752.125993
517.534372,106,19753.168891
1612.692796,351,19761.117053
752.482939,168,19763.14473
2762.869554,586,19769.025291
2621.899795,554,19778.600055
1026.589531,233,19781.182641
1094.250916,239,19786.848994
2288.342699,484,19792.082872
421.52319,91,19792.677847
1361.666067,299,19795.844291
1108.344627,239,19801.928118
363.677763,82,19802.936894
2543.781405,529,19808.247111
1211.572052,262,19814.615645
2165.071732,473,19819.358614
568.416091,126,19820.871675
921.949444,201,19822.976892
1110.544108,239,19828.437115
604.468146,116,19829.938165
855.515518,178,19831.541538
1263.801075,267,19834.611943
2144.087426,460,19843.674233
2966.364764,624,19850.044393
1518.694682,314,19857.666287
468.23618,107,19858.726676
1736.985637,373,19862.429462
481.761338,92,19863.461159
715.344784,147,19865.013039
1979.380672,409,19873.743664
922.279286,193,19875.823945
1070.48102,237,19878.407544
1216.622692,268,19881.051343
991.490988,214,19886.411817
960.730617,211,19888.961509
436.791014,103,19889.99825
1026.270955,228,19892.132315
1327.689476,294,19895.265364
800.831973,174,19900.681289
335.539879,76,19901.239345
770.71773,174,19903.288326
750.797953,145,19904.40212
1409.805784,303,19908.003595
1224.48358,259,19914.401423
1098.788336,249,19917.020595
887.288849,184,19918.660333
845.948617,179,19920.723013
505.435289,113,19921.785223
1086.42523,230,19924.383601
335.709569,75,19928.284872
643.292149,148,19929.852579
3681.394476,780,19938.291411
1541.550007,330,19946.117286
1511.622073,317,19949.720331
956.618139,219,19951.827435
877.550469,192,19957.271168
505.599875,114,19958.349032
1354.058747,286,19961.468202
1649.470729,354,19965.154194
1026.647161,222,19971.17468
1604.642561,346,19974.400012
409.370964,92,19975.424901
285.699692,59,19975.958263
960.904989,207,19978.505463
3105.718611,660,19988.85627
209.132141,45,19989.358457
693.627074,155,19990.932393
667.072603,143,19992.483647
2911.227767,610,20005.580429
409.947209,94,20006.614457
2571.788172,526,20011.866087
419.152728,87,20015.90718
1008.901668,215,20018.031721
1211.976756,275,20021.137024
297.770853,69,20021.682295
1490.25799,323,20025.300171
446.507471,96,20028.894058
1180.783998,250,20031.536226
820.446688,181,20033.177906
617.635419,135,20034.812129
569.817495,124,20035.899935
2335.107145,493,20044.45483
567.673179,126,20045.970719
867.260272,192,20048.041062
1460.92104,308,20051.200079
1042.082782,227,20056.380554
1160.123268,252,20059.000772
602.268147,127,20060.523223
2655.083278,576,20066.280068
607.402657,134,20071.862583
879.747893,188,20073.93747
556.34224,117,20075.001772
1496.304607,328,20078.656914
2865.559401,603,20089.096751
986.61576,222,20091.21129
2615.012726,558,20100.86394
2802.179288,599,20107.131752
1796.913425,393,20114.347911
1065.635172,237,20116.926918
375.544257,81,20117.928344
874.566024,196,20120.013769
346.576707,77,20120.578593
1241.11589,268,20123.209114
554.875189,122,20129.181053
481.784269,100,20130.208267
460.56892,100,20131.244782
579.543803,120,20132.320171
292.679304,62,20132.854754
1412.25995,305,20136.452966
1199.941046,264,20142.482272
409.33801,87,20143.500354
1055.973767,233,20145.651461
709.486527,159,20147.231203
664.683625,136,20148.757387
1522.877262,338,20156.775353
2253.919325,475,20161.533473
441.82929,101,20162.573039
3009.36153,642,20174.076894
696.590933,143,20175.622328
1135.166221,248,20178.231806
602.986048,135,20179.7699
999.906576,217,20181.88434
406.789631,92,20186.371975
575.989315,130,20187.898838
1092.349699,228,20190.017962
956.684618,209,20192.130502
892.617509,189,20194.186088
463.204479,104,20195.2218
1323.965411,274,20201.017306
1349.627769,299,20204.137586
2209.057201,475,20208.88008
2543.939306,543,20219.167961
924.815553,209,20221.253639
1368.52613,300,20227.828114
2684.133308,588,20234.076223
222.485601,48,20234.586056
655.365555,142,20236.136475
646.635613,144,20237.700177
217.844527,47,20241.714194
889.059991,192,20243.334437
282.159437,61,20244.302962
428.255418,92,20244.881407
374.441088,79,20245.877426
294.169094,63,20246.413931
399.015529,87,20247.427932
1152.136151,246,20250.047125
895.719578,186,20254.583395
429.715751,89,20255.162396
135.447698,31,20255.643628
462.97938,97,20256.683258
408.534987,83,20257.689981
501.520121,107,20258.744944
1175.61865,252,20261.369007
2286.152329,494,20268.979812
514.54272,101,20270.003952
258.134917,52,20270.519987
415.626481,84,20271.090837
733.906098,155,20273.08267
641.198831,122,20274.164132
626.821976,142,20275.701118
360.003628,69,20276.24577
369.964565,76,20277.240287
3179.751631,671,20287.507569
1490.194293,334,20291.135427
559.490324,128,20295.183533
650.474785,145,20296.727842
212.541784,46,20297.234015
397.65355,83,20298.240793
581.092475,113,20299.292602
330.163505,64,20299.826127
335.81317,64,20300.799129
563.650728,115,20301.853463
545.573495,108,20302.908716
1002.987973,225,20308.397569
361.63767,79,20308.952849
832.717086,168,20310.955575
381.613384,85,20311.528
1832.925282,372,20315.638277
385.144995,79,20316.202425
292.316038,64,20317.187438
950.071268,205,20321.713758
339.30388,78,20322.272588
150.621065,33,20322.757312
652.337478,146,20324.303048
480.269228,101,20325.334775
556.6484,127,20326.422165
368.954704,80,20327.41225
701.991984,137,20328.943243
153.555282,35,20328.997958
628.089842,127,20330.510339
755.658039,166,20336.014295
620.423422,137,20337.541016
402.621,82,20338.542062
504.185407,104,20339.579886
419.883091,82,20340.1541
473.363835,94,20341.177207
461.072916,87,20342.199375
390.915325,76,20343.19039
440.702014,86,20343.759647
597.391188,115,20347.582028
611.437913,119,20348.645366
1001.775065,219,20350.759839
670.895254,132,20352.27775
459.806716,89,20353.288827
396.457965,86,20353.860979
852.293576,176,20355.878013
398.432916,89,20356.891022
778.649112,159,20361.373162
920.129336,203,20363.450312
385.668881,80,20364.45475
669.116233,144,20365.992858
1509.084324,327,20369.18994
475.354277,95,20370.219156
332.143785,68,20370.767093
382.035069,76,20375.075934
423.377031,87,20376.09324
267.12905,54,20376.619031
360.215121,70,20377.172193
275.820902,55,20377.696539
318.256136,63,20378.229989
780.815734,164,20380.239355
803.599791,169,20381.818014
804.058573,174,20383.857404
725.63627,153,20388.818433
3769.444525,808,20397.293107
1273.406329,277,20402.853949
1447.443679,300,20405.958148
941.538947,198,20408.01444
542.282255,104,20409.059274
1626.654766,347,20417.173417
678.236099,138,20418.698048
1693.606069,365,20422.38557
564.890152,123,20423.887997
354.644022,73,20424.440425
616.931326,137,20425.982703
733.504657,159,20431.069438
1123.562004,229,20433.650942
594.555729,115,20434.714632
617.430796,122,20436.230212
938.916987,195,20437.873047
534.100562,111,20439.356409
1077.035188,225,20444.985205
484.599054,102,20446.022394
486.919803,105,20447.070745
1022.924239,213,20449.595059
497.126922,111,20450.658212
2441.733394,516,20458.978764
537.538117,109,20460.022598
1569.116643,333,20463.663719
1660.083769,361,20467.374714
2733.446801,578,20476.393771
1646.116518,359,20480.077754
544.976721,113,20481.129847
536.732137,110,20485.234344
712.998043,154,20486.799534
1107.635922,247,20489.406314
981.82657,206,20491.485012
1515.513352,313,20498.058924
1526.864734,333,20501.277021
424.211043,86,20502.281266
359.436482,73,20503.269173
519.894395,108,20504.312046
663.0556,145,20505.847667
652.878883,133,20506.928124
621.470515,120,20512.069846
881.15349,192,20514.144706
828.377801,182,20515.758106
1460.879709,316,20518.938138
740.313692,163,20520.972015
1061.913042,226,20526.681301
556.123906,127,20528.194319
1760.486898,375,20531.916659
501.534145,95,20532.939625
475.084515,94,20533.961172
550.921881,111,20535.017314
506.805215,101,20536.051404
1117.735651,239,20542.0441
487.520849,110,20543.100764
1874.189131,396,20547.302118
819.402904,173,20549.335315
682.970476,154,20553.545054
966.104416,212,20555.654296
1723.962201,355,20559.300023
1799.681942,383,20566.285805
209.134633,44,20566.793825
519.946067,109,20567.842343
1117.246618,238,20570.429848
1335.458466,279,20573.07685
1373.714706,293,20576.294549
512.978425,117,20580.748576
1619.501154,334,20584.391797
299.891533,64,20584.932088
1180.310229,244,20587.52015
463.431252,95,20588.547553
376.176107,77,20589.538414
717.12693,141,20594.111889
1842.575073,389,20598.283286
2032.512307,431,20602.943057
581.881181,125,20604.019477
403.39602,86,20608.368511
355.260384,75,20609.355246
163.948974,37,20609.414476
628.609134,139,20610.944101
754.222698,149,20612.497503
2290.358785,490,20617.728834
469.691571,106,20622.052238
1874.749274,403,20626.223606
1231.125375,282,20629.30838
825.663018,183,20630.916346
902.709873,195,20635.866965
990.884506,215,20638.405845
451.155551,93,20638.996428
689.306205,148,20640.546869
396.374196,92,20641.583652
826.817218,184,20643.637034
496.090496,107,20644.676074
471.597917,93,20648.644977
951.054858,200,20650.723215
679.989278,147,20652.272743
1106.957722,242,20654.867667
957.675066,209,20656.96701
560.394715,133,20661.333119
437.502291,101,20662.37693
942.72636,194,20664.022117
422.612238,87,20665.031121
900.704803,189,20667.100793
468.798764,102,20668.134078
2363.571128,517,20676.22792
931.848859,199,20678.304458
451.705316,109,20679.354183
732.634233,161,20681.349238
429.032674,109,20682.391637
969.578857,220,20684.493577
436.997171,99,20688.177669
460.995658,95,20689.202734
714.280799,142,20690.744984
546.488087,114,20691.792476
527.832979,129,20693.312865
859.645594,195,20695.39494
1271.312412,269,20700.947597
759.594517,155,20702.522066
834.005229,172,20704.53846
653.488284,143,20706.076292
625.155655,138,20707.186814
2666.471195,559,20715.784441
464.905853,109,20717.264125
453.219989,98,20718.29382
549.331454,109,20719.341844
378.156879,80,20719.90413
680.687167,146,20721.465308
476.273299,99,20722.495614
722.390603,155,20724.055264
478.588002,102,20728.186573
704.732078,147,20729.743798
805.978632,172,20731.777739
803.706419,165,20733.34004
253.271594,66,20733.881812
562.19651,115,20735.37965
373.078721,83,20735.947331
397.863217,91,20736.969112
284.944888,69,20740.850784
678.107582,143,20741.965785
1934.147364,418,20746.62874
276.316959,67,20747.172283
352.344614,84,20748.177246
447.680393,98,20749.204379
350.647267,86,20750.209084
261.874606,67,20750.75091
383.653482,86,20754.274736
135.061981,31,20754.332669
189.355587,48,20754.842347
874.79699,196,20756.922983
278.981188,66,20757.462224
482.835566,107,20758.950227
853.953447,179,20760.559684
436.357282,96,20761.590784
400.170077,97,20762.621321
759.011954,156,20766.538321
318.84689,65,20767.076539
172.418295,41,20767.573106
329.696851,76,20768.567965
640.023047,138,20770.094208
512.398468,112,20771.156766
373.930617,94,20772.175445
1150.385086,240,20774.318406
531.771972,116,20775.815278
156.812068,37,20775.872947
305.897948,75,20779.771962
237.961316,52,20780.297044
342.579206,78,20781.294922
259.348794,58,20781.818884
344.768603,75,20782.372792
186.586372,47,20782.881333
137.732256,34,20783.368187
683.630465,159,20784.93277
534.419881,110,20785.977681
448.918284,92,20786.998193
541.068125,113,20788.065212
298.961279,68,20789.047226
276.164526,54,20789.567306
308.026266,65,20792.665976
238.79533,49,20793.179127
563.121581,123,20794.687676
336.738227,79,20795.246904
442.822789,95,20796.270175
380.637304,87,20797.282993
346.103453,70,20797.832615
306.322409,79,20798.83813
393.064205,93,20799.854868
447.723997,96,20800.88723
377.697621,78,20801.453954
457.879775,107,20802.497817
233.071212,56,20805.962737
607.96266,137,20807.508278
373.166354,78,20808.512706
683.783728,159,20810.085205
203.304902,47,20810.5968
380.73795,85,20811.171418
202.298652,48,20811.682227
515.787959,120,20813.177682
915.086215,188,20815.231956
290.862682,71,20815.786027
765.715892,164,20819.765285
347.537235,74,20820.754329
397.107447,94,20821.779604
366.649249,73,20822.33728
240.898255,50,20822.85616
426.950444,104,20823.899347
282.2047,55,20824.429128
353.683563,82,20825.434863
257.635529,64,20825.976696
457.871437,107,20827.026985
393.709514,87,20828.036675
353.243581,88,20831.765521
573.28369,125,20832.835721
585.098256,124,20834.339335
298.416979,70,20834.891106
395.478769,88,20835.905977
402.10137,81,20836.911396
330.43646,81,20837.483072
414.155741,79,20838.483783
193.109764,46,20838.989953
500.187382,115,20840.044774
543.23795,120,20841.11591
603.043209,128,20845.634238
445.073355,98,20846.664897
432.536362,99,20847.696246
496.852383,121,20848.762849
513.822785,116,20850.254119
1499.985475,316,20853.391968
324.462671,77,20854.393281
867.16632,174,20858.413604
265.940753,63,20858.962442
418.689332,93,20859.982736
406.631651,87,20860.99413
424.578947,85,20862.004242
1220.682943,250,20864.604612
482.531101,117,20865.666124
357.259576,77,20866.228631
359.707833,75,20867.219587
378.513548,80,20872.319215
757.088172,166,20873.924109
662.205725,139,20875.483664
369.923443,79,20876.060766
1814.750705,389,20880.29214
342.376,78,20881.308031
629.811648,147,20882.438679
748.185661,168,20887.788066
1143.089007,251,20890.455733
660.513434,153,20892.055929
1025.167274,233,20894.663641
1463.323949,295,20900.921417
1039.2562,232,20903.529627
452.869368,93,20904.573302
818.817373,180,20906.655764
1329.715387,285,20909.384173
2720.742838,596,20918.857378
1016.864381,210,20920.99626
913.822026,184,20923.078771
517.349664,105,20924.147112
593.204526,125,20929.816232
1096.641229,230,20932.004805
3001.518579,634,20938.902316
464.614018,91,20942.819411
686.161201,137,20944.351199
968.279594,193,20945.984108
849.748263,172,20948.01832
740.058041,152,20949.583843
595.79524,119,20950.649509
538.648144,117,20952.152125
548.636295,126,20957.036674
953.005234,220,20959.59351
541.277444,106,20960.642097
1011.59073,203,20962.7241
560.255121,127,20963.817922
566.078738,124,20965.332853
1211.993858,254,20971.395144
1499.332857,320,20974.549324
1512.380301,319,20978.141188
648.024209,140,20979.25919
517.759248,102,20980.301254
1445.04687,322,20987.064175
477.341023,99,20988.088769
2213.892291,477,20992.799252
1627.253134,334,21002.806814
1055.86966,228,21005.365404
658.34996,155,21006.927711
513.905134,105,21007.965365
2239.077374,478,21016.160113
568.827252,123,21017.674825
1227.218815,273,21020.307608
1013.322443,223,21022.862601
483.958081,107,21023.913809
832.524494,171,21028.489233
795.273202,176,21030.532404
575.520653,125,21031.608406
2210.649502,472,21036.805292
508.896105,115,21037.870126
390.498996,96,21042.924416
2399.392376,502,21048.179104
657.841421,147,21049.728674
749.520202,163,21051.310841
788.244569,159,21056.459986
754.817878,158,21058.467313
276.588588,61,21058.996874
1483.536118,329,21062.177639
1185.815326,258,21065.237754
934.632774,196,21071.237274
798.019531,172,21073.271094
479.97723,103,21074.31637
403.180739,85,21075.324944
3485.832006,728,21086.531025
1176.03931,248,21089.115226
1257.66208,268,21092.182205
1159.505089,251,21094.798866
660.915777,147,21098.534733
452.185564,99,21099.578013
519.169972,100,21100.60921
468.062034,106,21102.083301
452.261281,108,21103.128772
1672.144832,358,21106.791401
1080.310378,231,21111.6711
399.256575,90,21112.254315
348.539223,79,21113.249929
2484.8436,521,21118.60747
916.796431,180,21120.633998
1511.494687,320,21127.053506
1447.93235,315,21130.662243
222.753479,53,21131.178929
1030.895326,208,21133.273359
677.99421,152,21134.832892
783.502761,177,21141.578872
973.924879,213,21144.137213
412.525858,99,21145.169818
1901.284997,413,21149.374679
909.299784,197,21155.502793
1520.532836,315,21158.741121
1197.775058,269,21161.880651
626.222494,143,21163.01308
2521.816725,540,21172.526811
1284.589251,266,21175.672724
498.78691,101,21176.752251
639.13435,120,21177.840284
736.277612,168,21179.452123
1308.844934,277,21186.225739
1135.936401,249,21188.903409
368.39865,86,21189.934439
1168.239339,258,21192.606232
822.703247,182,21198.311273
945.339418,195,21200.422848
1181.932936,256,21203.096884
622.374563,121,21204.623619
681.871962,151,21206.22704
1040.850818,228,21208.403036
444.141745,101,21212.855285
1102.306746,247,21215.496866
842.496089,180,21217.58639
523.921788,116,21218.673472
967.07696,206,21220.835642
407.408325,98,21221.894107
651.229447,153,21226.918473
809.509315,186,21229.02604
862.491222,193,21231.133264
661.050182,150,21232.742867
3597.152904,762,21244.978328
597.287426,122,21246.490977
971.510766,215,21248.618344
527.571499,104,21249.65611
761.118821,155,21251.216094
616.581938,128,21255.32133
673.919376,152,21256.888265
697.926615,157,21258.470524
1025.248571,227,21260.610141
497.12519,97,21261.641716
1493.446625,323,21268.628206
2562.693215,539,21274.375198
1866.339443,414,21281.873883
590.548936,126,21282.950997
1072.577135,223,21285.518974
3661.550008,776,21297.2863
1374.530553,299,21300.456338
221.709377,51,21300.974281
1759.466978,375,21305.124082
339.415815,79,21305.692441
784.03692,178,21310.90212
648.960419,141,21312.447166
845.70557,189,21314.519203
1188.988627,262,21317.157687
514.406675,108,21318.213026
463.199769,97,21319.248152
1508.471954,320,21326.327575
976.974973,213,21328.852216
1093.982685,227,21330.990652
852.752926,180,21333.043128
365.684899,83,21333.611655
1193.593138,264,21341.767465
332.209983,74,21342.318403
562.381718,125,21343.834459
598.896028,131,21344.923068
445.416612,99,21345.954953
1014.863328,222,21348.495543
913.30081,200,21354.041705
2177.77504,475,21358.772279
898.85838,193,21360.828251
590.915784,130,21362.348539
439.619924,103,21363.377459
658.189828,135,21367.541142
1344.093553,288,21370.633773
872.279883,193,21372.68809
1386.31802,284,21375.802906
393.547844,77,21376.361758
976.672186,200,21382.031777
901.837205,189,21384.094861
1046.589964,221,21386.216142
939.082535,214,21388.763709
527.965137,117,21389.828697
657.33519,144,21394.629004
685.855514,158,21396.207093
939.455166,199,21398.284446
255.202538,54,21398.811325
1284.129189,266,21401.88628
1008.865432,222,21404.032589
2825.234535,600,21413.831419
572.741227,131,21415.363696
1161.364792,247,21417.960351
566.022449,128,21421.946625
1482.052639,321,21425.134082
1643.211791,352,21429.266011
1342.880977,292,21431.971177
634.768795,147,21436.239767
1135.15146,254,21438.870366
757.032954,169,21440.922018
4713.164138,1000,21455.488809
1293.287641,284,21458.176711
427.499184,98,21459.207988
681.028674,150,21465.756569
1520.379644,329,21469.4049
1933.756235,414,21473.653042
1287.54648,290,21480.740116
1211.809929,264,21483.3982
685.977413,153,21484.959293
2189.318824,471,21493.867022
2264.461344,485,21499.098866
349.948941,80,21499.665693
4217.160893,888,21512.58883
2164.497597,466,21517.297609
2043.228635,434,21525.605333
711.407944,152,21527.17013
697.189731,156,21528.748184
2674.750718,576,21538.798879
1038.383452,220,21540.925334
1153.920099,257,21543.550164
333.268406,79,21544.553791
2204.788977,465,21552.702675
2042.559876,437,21557.409456
1276.899585,272,21560.055944
1075.325012,221,21566.406003
1474.547614,317,21569.573324
3513.462704,753,21583.172961
1762.118054,369,21586.860304
1784.497575,379,21594.876127
763.62864,167,21596.469116
3032.638055,650,21603.250432
3477.452272,736,21614.688682
2909.159958,626,21627.274215
454.955888,94,21627.859656
587.583923,122,21629.373779
1060.814946,238,21631.955193
500.524869,114,21633.019261
598.379421,132,21634.552052
263.970442,60,21635.084782
262.090013,58,21640.664091
609.819183,142,21642.230268
1582.115177,344,21645.886732
2407.218755,514,21655.019251
547.993643,127,21656.127807
703.723436,149,21657.726241
729.34225,164,21659.791114
2696.590133,570,21669.056228
1368.250717,295,21672.246994
505.87929,108,21673.311181
441.050314,96,21674.356762
2194.875287,472,21682.999193
413.487334,94,21683.590936
861.574995,186,21685.673594
829.344592,175,21687.772004
338.014693,77,21688.333704
644.021815,139,21689.910688
877.51148,189,21692.010959
1477.569982,319,21701.414165
1757.563217,370,21705.165593
3601.666519,753,21716.936029
3310.402318,692,21723.798909
1807.181018,386,21733.915085
638.203368,142,21735.464535
2442.967356,516,21747.107435
2554.301319,546,21752.868149
2042.376347,449,21760.562726
595.558915,127,21762.08462
448.61693,100,21763.119429
1483.375647,317,21766.279982
1214.820101,252,21768.879724
2044.516728,441,21779.576524
2336.82405,495,21784.789784
511.817011,118,21785.856236
768.64548,172,21791.440707
1190.313837,256,21794.068116
1524.043344,324,21797.244912
1426.373843,307,21800.384671
1728.049562,374,21807.584454
441.45611,94,21808.61228
3438.828624,726,21819.650671
765.874533,175,21821.697338
375.192573,82,21822.263474
357.390308,79,21823.257699
414.236634,88,21824.277351
313.857845,74,21824.835232
698.104311,155,21826.414353
874.116076,193,21828.498741
2563.755312,550,21839.498012
699.793962,157,21841.067733
1819.84274,390,21848.696897
1196.254031,254,21851.327367
437.256744,100,21852.367185
706.828475,158,21853.944384
1861.533185,403,21858.145241
3500.781709,743,21871.16836
1915.913836,423,21880.618199
442.342927,99,21881.657864
3776.261973,806,21893.408901
774.477495,160,21894.992113
708.075585,149,21896.539812
386.48883,89,21897.562015
1515.775403,324,21900.760757
1140.995314,235,21907.193573
2739.87318,588,21913.555018
957.900892,207,21915.679999
3603.321502,758,21928.122946
1015.744254,214,21930.266848
1053.359922,236,21936.559116
685.098378,142,21938.142535
990.926714,205,21940.286943
734.576749,144,21941.871307
899.587981,189,21943.960339
3421.018912,723,21955.23074
778.65005,158,21956.846551
1476.605722,319,21960.522358
847.292164,185,21965.207029
1571.983593,335,21968.909176
1461.136564,308,21972.124298
883.580729,192,21974.239816
488.799522,111,21980.823137
1125.326353,244,21983.448894
1805.726766,391,21987.650322
634.073199,142,21989.193999
684.749424,140,21990.749682
1952.916335,421,22001.335354
553.629282,123,22002.410151
571.015162,125,22003.924386
640.119724,148,22005.475916
2330.708602,494,22013.986275
1934.705459,411,22018.233401
833.331426,186,22020.303336
691.878744,156,22025.257001
597.117341,122,22026.342884
528.380483,125,22027.868408
923.301333,203,22029.943216
3190.83759,680,22041.058935
810.468069,180,22043.095946
4686.033839,1000,22058.893401
645.540173,144,22060.437838
704.121676,166,22062.018146
354.38162,79,22063.01285
531.354303,122,22064.085622
465.033734,105,22065.131563
683.024049,154,22070.078
332.020441,70,22071.063058
1989.089273,415,22075.26247
1525.17454,334,22078.875221
1408.950223,289,22085.764807
331.215528,73,22086.313044
836.494507,184,22088.359265
782.601547,163,22089.931926
117.608899,27,22090.405723
2613.135428,564,22100.034186
243.129692,50,22100.548654
454.342322,110,22101.597569
1313.166947,274,22104.683143
518.731055,119,22105.74769
275.226167,57,22106.276213
276.202643,58,22106.805612
251.374364,52,22107.327596
1137.651367,251,22112.880833
343.46891,77,22113.875792
2045.017282,443,22118.578959
752.256358,172,22120.175113
252.136299,57,22120.699423
976.626312,211,22127.195854
323.499859,66,22128.17233
1570.012257,338,22131.810654
1702.386322,367,22135.476083
362.228121,73,22136.024809
781.948855,174,22141.285878
132.35421,29,22141.331568
207.620966,44,22141.835698
102.240488,25,22142.311389
184.798979,41,22142.813647
231.47093,50,22143.329761
254.752834,54,22143.85084
677.54679,152,22145.403297
2302.708066,490,22154.033713
385.969449,83,22154.605191
132.668608,32,22155.09364
128.600458,29,22155.138694
1043.015174,222,22157.697411
2983.748445,630,22167.369882
654.684592,140,22168.938313
1048.401705,229,22171.575119
570.731312,115,22172.653199
718.806892,163,22174.275657
359.548886,81,22175.300866
798.844033,174,22176.94058
1412.511683,299,22183.879245
548.024814,117,22185.394874
430.16847,99,22186.44831
329.393352,70,22187.01263
287.494483,61,22187.54565
481.935061,107,22189.070187
1742.173204,376,22196.197425
1475.823139,317,22199.377454
1379.436132,296,22202.486994
679.694971,140,22204.026061
1168.751385,252,22210.341299
799.28462,178,22212.388448
234.737274,48,22212.897926
377.054732,84,22213.468832
774.275427,175,22215.503114
1523.188187,327,22218.715939
484.196902,107,22223.92027
1949.107567,414,22228.106982
732.354961,142,22229.64256
567.624092,122,22230.712996
1389.469757,307,22233.841017
945.77462,203,22240.516052
968.024239,201,22242.608845
191.391112,48,22243.121282
550.75978,120,22244.624083
676.481857,140,22245.733151
756.50629,154,22247.736819
319.043078,70,22248.288084
372.318738,84,22252.694987
661.260716,136,22253.794441
244.038457,52,22254.313452
344.436174,74,22255.302151
245.565933,54,22255.82881
276.436438,58,22256.356898
913.877579,190,22258.413203
103.285066,24,22258.449687
479.908053,97,22259.483036
1986.842426,422,22268.003712
568.148555,129,22269.093165
278.494263,60,22270.064939
190.411145,42,22270.133036
258.239988,55,22270.658463
498.421033,108,22272.143695
293.001561,65,22272.688256
329.553902,73,22273.248066
1613.286762,353,22276.907923
949.294946,205,22284.274006
2534.150296,526,22289.539917
485.467865,98,22290.570702
667.625778,138,22292.100158
507.187552,109,22296.453792
378.23503,80,22297.454727
474.482353,112,22298.520207
1301.604477,285,22301.615164
1358.35147,294,22304.291903
1563.683495,322,22311.485118
1342.582276,292,22314.584231
939.589698,206,22316.664622
613.156143,135,22318.195438
518.745642,118,22319.260179
1240.830546,266,22325.161218
4698.868145,1000,22339.386584
706.499014,152,22340.932704
1008.781584,232,22343.500332
984.174691,197,22345.581136
575.400733,123,22346.661781
895.419748,196,22351.38558
1303.854463,269,22354.454182
773.238919,161,22356.02959
1214.936321,260,22358.640544
501.76379,113,22359.694661
804.754816,175,22364.979446
663.670771,141,22366.513915
738.267333,157,22368.083568
835.766066,186,22369.702889
434.424721,93,22370.727666
103.352408,24,22371.199456
98.753682,23,22371.234961
1117.122077,235,22373.826867
1006.451974,208,22380.713874
1669.13131,367,22384.411216
937.257837,213,22386.947088
989.254974,223,22389.053719
1399.534265,301,22395.142816
716.970134,155,22396.710757
725.276241,163,22398.72521
1440.482925,294,22401.40606
2715.646542,593,22412.389991
1319.48551,290,22415.508977
1705.016187,374,22423.047618
88.536912,21,22423.081996
1270.628727,283,22426.264319
1266.281434,281,22429.000702
680.037604,152,22430.581665
314.182386,70,22431.589977
697.358137,149,22435.812867
720.066309,141,22436.951347
195.692266,44,22437.462165
169.225546,39,22437.983258
387.673357,91,22439.03025
551.162698,123,22440.126201
828.036186,178,22442.191988
1209.23545,251,22444.844884
525.492264,105,22449.585862
1102.727075,250,22452.256299
535.816135,109,22453.342691
605.186497,114,22454.891081
852.779594,183,22456.538115
607.795728,139,22458.126892
1349.379534,294,22464.894171
1180.490667,240,22467.511081
815.904874,184,22469.174148
176.191131,43,22469.681743
215.557982,51,22470.219899
1750.372569,367,22477.751337
435.849056,90,22478.336194
951.591193,214,22480.92843
655.918683,139,22482.039437
486.764405,110,22483.562901
667.183241,149,22485.156399
689.010222,147,22486.753138
1291.138865,286,22492.954611
1375.92417,305,22496.160959
515.885352,118,22497.685419
2289.321936,475,22506.057121
779.733806,161,22507.65895
478.171078,95,22508.719214
1460.826839,316,22512.304901
473.933129,97,22513.335682
358.936062,79,22513.899457
335.236578,75,22514.898383
925.230749,201,22519.919839
503.89765,115,22520.98048
700.805187,141,22522.513958
788.309651,175,22524.127086
810.855183,166,22526.152691
716.237044,159,22527.741471
967.958743,212,22533.137503
510.007711,110,22534.183141
718.017576,161,22536.197715
388.8588,86,22536.77318
1392.407175,293,22539.878937
1926.832024,420,22548.508184
574.240346,130,22550.022413
613.25548,122,22551.528278
455.155582,108,22552.568035
1575.189179,336,22555.85884
827.508736,179,22557.946229
803.61893,172,22563.542301
1066.86279,233,22566.154396
720.039252,154,22567.761089
853.710045,197,22569.874326
479.828087,103,22570.934953
461.13369,99,22571.96735
1753.819611,374,22580.358258
2126.331024,450,22585.069953
924.816534,200,22587.161611
547.262755,116,22591.857382
700.52234,155,22593.431401
1418.910907,288,22596.548887
465.486201,91,22597.564382
731.731059,150,22599.118048
1672.267239,340,22606.190871
853.476282,196,22608.281071
2828.057594,595,22614.535226
2537.266708,553,22624.146065
1973.263023,412,22628.77404
492.027498,108,22629.821756
779.575616,170,22635.895752
804.505292,174,22637.931308
1299.215646,279,22640.575827
1093.909038,244,22643.176153
277.642866,61,22643.712334
1890.82393,400,22652.371172
991.023873,219,22654.905028
820.129152,191,22656.533848
509.35538,117,22658.034652
670.507009,154,22659.591628
2540.075656,536,22669.106922
2458.263333,544,22677.343236
1359.994633,289,22680.459105
1807.853403,392,22684.641951
411.973911,93,22685.669633
2041.425182,429,22695.822206
596.308168,129,22696.899872
957.112649,217,22699.006655
598.428489,137,22700.543053
763.914585,173,22702.593308
1812.739285,388,22710.23529
607.423732,125,22711.749094
661.666389,135,22713.284005
890.373075,197,22715.359932
2151.097799,461,22723.436811
462.498084,103,22724.476837
780.788844,185,22726.5286
750.216755,155,22728.10191
1205.159486,250,22730.711444
532.827921,110,22735.71043
713.721278,149,22737.265448
1172.467841,244,22739.874201
1110.142241,242,22742.451785
1129.811742,249,22745.065251
1483.116236,324,22752.446723
712.879194,160,22754.023685
1195.69387,258,22756.666095
786.234061,176,22758.702754
1091.775791,241,22765.735155
1288.322012,273,22768.387117
466.186316,108,22769.4341
406.372803,95,22770.458889
429.396358,105,22771.497559
808.636355,174,22773.523746
705.644826,160,22775.091776
993.748144,213,22780.542042
1047.80641,225,22783.096803
637.844621,135,22784.199043
531.720549,104,22785.673184
670.616787,146,22786.773695
1296.698051,283,22794.392695
2062.10616,440,22799.085883
1620.049851,351,22802.721335
4721.939611,1000,22817.906435
1548.195115,326,22825.386167
370.434415,79,22826.385456
337.788392,73,22827.371413
635.086311,135,22828.458151
769.27721,174,22830.485073
548.226437,105,22831.525599
819.293426,186,22833.589088
741.223277,163,22838.430435
491.775045,112,22839.490978
781.975247,167,22841.082241
1427.517259,298,22844.213444
2476.209165,517,22852.857865
1267.098947,278,22855.501129
549.323757,120,22856.995642
2006.11177,432,22866.301937
504.750433,105,22867.346159
852.116047,195,22869.417293
1409.924629,303,22872.547194
967.795724,203,22874.61638
809.29011,161,22879.951708
919.288949,207,22882.047678
958.721156,204,22884.133939
468.560098,97,22885.164178
717.777128,149,22886.721663
718.938336,161,22888.297677
1509.519794,323,22895.331164
404.272959,96,22896.365176
1756.910546,376,22900.48422
712.957789,162,22902.060314
949.512494,206,22904.155135
829.960381,180,22910.48305
1483.305076,315,22913.705798
694.505909,160,22915.277128
358.506894,80,22916.270413
935.990402,211,22918.366092
716.731157,152,22922.660192
259.289645,58,22923.192534
338.10527,75,22924.183646
541.889359,102,22925.222221
551.912827,107,22926.272297
516.252879,118,22927.34375
1992.036599,412,22931.942294
603.024967,139,22936.730747
1037.67801,231,22939.30854
3686.365884,790,22950.884466
927.290121,206,22952.988878
443.184221,90,22954.01123
1493.977311,312,22957.1411
889.935462,197,22959.215712
621.914683,138,22963.802357
375.894253,81,22964.38519
571.913729,109,22965.432465
429.539313,98,22966.470009
336.04629,74,22967.46683
664.118082,145,22969.019594
733.053395,164,22970.603016
445.324698,95,22971.630076
805.69082,170,22973.224195
1415.875375,292,22980.069218
715.503621,164,22982.067166
1126.816071,256,22984.671319
1190.171896,264,22987.29418
363.069349,78,22991.414016
726.475899,164,22993.423431
1137.206744,255,22996.030101
1107.081728,237,22998.624795
1522.833408,323,23004.873079
510.085443,121,23005.947662
885.921187,184,23007.997657
558.408388,119,23009.504229
884.872482,187,23011.127953
564.46402,119,23012.630381
762.773325,171,23014.226105
585.893262,115,23018.576872
2313.117041,492,23023.745913
1653.776231,362,23027.406058
2107.344642,454,23037.015723
689.406425,160,23038.582195
590.784453,137,23039.670368
457.790417,103,23041.132591
286.76966,64,23041.667752
1464.254793,313,23049.026907
1363.98007,300,23052.15686
510.426123,112,23053.203111
1466.802319,321,23056.788766
931.242739,192,23063.085629
1505.387638,317,23066.208068
1670.525327,351,23069.856016
935.529197,206,23071.965402
614.632476,125,23077.41215
885.433162,182,23079.02006
1538.060998,327,23082.645913
857.157033,180,23084.245831
534.031072,116,23085.754869
2379.547172,496,23096.571651
2778.448169,600,23102.820579
1601.430773,342,23111.245324
397.048227,91,23112.261827
1614.18529,354,23115.913098
1602.707401,341,23122.922568
418.989581,103,23123.960384
685.505168,148,23125.522995
495.979051,109,23126.574879
1077.354199,243,23129.174006
3513.093922,748,23141.033587
2021.265471,418,23145.682208
1483.960033,328,23153.454827
1202.205001,265,23156.091704
2025.992416,435,23160.771119
1731.919471,359,23168.290862
1027.19785,225,23170.850342
2662.389533,576,23179.800286
2107.73852,444,23184.482769
2742.32505,568,23194.097439
241.979407,52,23194.621773
829.141125,172,23196.232209
2130.02366,464,23200.970121
2500.483184,530,23209.797772
632.378331,135,23211.336187
464.918932,97,23212.365084
1596.576209,339,23215.57208
828.838056,180,23222.485691
1057.668442,231,23225.0552
2894.254606,616,23231.358514
1003.732482,215,23237.722864
3288.165533,692,23245.032187
576.347746,118,23246.10709
1200.235146,248,23252.604022
617.057644,124,23254.100184
943.111301,188,23256.135121
658.88626,146,23257.24733
1121.126789,223,23259.792459
891.003659,194,23264.974087
607.657006,126,23266.0572
1133.537094,248,23268.642415
1462.413046,300,23271.759432
872.809068,178,23273.871634
431.582133,91,23274.884043
1402.813393,289,23281.274718
585.437409,127,23282.787306
388.95178,89,23283.799195
719.220353,148,23285.339089
3296.933146,694,23298.632087
2008.742468,428,23302.850434
1441.441185,317,23309.392158
2108.22162,446,23314.089599
859.710405,180,23316.13669
471.42111,109,23317.183691
432.184832,104,23318.230929
875.813096,188,23323.840317
1568.023664,336,23327.505635
2287.115887,487,23332.30316
3311.010631,695,23342.716225
647.700353,148,23344.26835
4697.138249,1000,23361.037273
797.382433,179,23363.075828
942.211734,202,23370.031353
1260.354458,299,23373.141868
1526.800039,328,23376.785448
934.834181,211,23378.890751
2161.681167,460,23390.037105
321.685601,71,23390.586783
235.706205,47,23391.100796
1893.510365,383,23395.233279
919.116158,201,23401.37607
2293.233773,476,23406.110147
602.791363,135,23407.645681
596.00009,137,23409.188877
362.798991,76,23409.745692
429.638057,95,23413.869473
2435.332555,511,23419.509931
518.556063,117,23420.57953
2169.728008,475,23430.202865
1980.113553,408,23434.793063
3335.558021,684,23446.018047
2011.988789,420,23450.636178
934.418213,203,23452.728866
1519.119151,325,23460.314994
1142.637559,245,23462.930641
1185.657457,265,23465.563833
1215.672572,266,23468.638073
1523.464938,302,23475.90956
776.604595,161,23477.4774
2838.570352,601,23488.79629
578.077233,121,23489.868128
644.673847,129,23491.384793
861.998529,175,23493.436214
475.927367,105,23494.474328
452.350451,105,23495.52058
405.218964,86,23496.099171
591.090137,124,23497.618713
440.422688,93,23498.648557
4826.000975,1000,23516.001752
652.713934,134,23520.357001
1834.259446,394,23524.481129
1246.101248,261,23527.50771
696.061609,140,23528.610902
491.007786,118,23532.771253
514.472551,118,23533.836564
449.325158,95,23534.856518
412.516098,88,23535.875248
401.068787,81,23536.445639
862.475649,195,23538.52817
583.459589,133,23540.062306
1033.152054,212,23542.156264
2143.420803,453,23551.886774
753.171968,167,23553.921616
2259.001429,483,23561.831967
801.015294,167,23563.861739
636.304379,136,23564.973193
484.014698,100,23566.01984
581.582293,119,23567.533273
595.278834,126,23568.621925
680.534685,146,23570.171765
677.133091,152,23571.746149
465.893474,100,23576.32775
236.400722,51,23576.844292
372.60516,76,23577.831671
609.431079,135,23578.934597
579.244759,123,23580.435078
3939.885865,825,23591.48498
235.039855,50,23591.995302
455.577147,110,23593.474247
909.002871,191,23595.090148
1715.045251,369,23602.38419
433.648051,99,23603.416568
2658.826159,549,23609.152252
887.71116,186,23610.768249
1508.822562,305,23617.952341
865.212279,180,23619.580827
659.652642,146,23621.124172
3174.866899,668,23630.670142
484.51685,115,23632.158323
1057.597639,224,23634.373229
383.699754,88,23635.409933
807.846218,166,23637.015685
323.65833,78,23638.035341
389.992483,91,23639.081013
570.245825,125,23643.975836
374.446692,86,23645.010051
578.924135,133,23646.574993
843.943674,187,23648.235437
1388.958279,281,23651.375905
1029.666274,230,23653.543188
347.863688,77,23657.4364
442.559798,96,23658.491844
360.042256,78,23659.077668
367.629491,89,23660.120373
322.619252,76,23661.136031
1058.418972,224,23663.303245
1662.727753,352,23667.020837
675.832132,148,23672.503982
413.596535,91,23673.548815
2721.201801,572,23679.867312
734.024484,161,23681.46537
1572.375568,326,23688.291986
321.752369,79,23689.316181
867.308349,203,23691.429218
1110.19238,248,23694.107921
679.665047,146,23695.679444
189.404745,47,23696.212782
830.489437,174,23700.911055
2265.963629,480,23706.210131
538.403184,113,23707.285059
461.350097,108,23708.35323
401.395348,87,23709.383613
1217.594643,264,23715.713161
1213.498457,257,23718.309689
432.312032,101,23719.339908
644.355863,146,23720.889819
577.037451,113,23722.382782
413.821651,100,23723.409883
1305.803338,279,23729.542093
386.83919,86,23730.550377
2469.023386,526,23735.784804
436.485043,99,23736.814763
324.280835,71,23737.802339
882.797065,181,23742.341293
2990.781283,651,23749.135081
745.24014,165,23751.14585
818.079499,173,23755.478717
1733.753246,356,23759.095245
659.143948,136,23760.63609
3745.341936,788,23772.028212
407.479024,91,23773.048614
514.597333,102,23774.081225
606.605924,137,23775.168997
1292.064177,279,23781.838139
320.259301,80,23782.83681
283.954551,61,23783.369137
1496.754682,320,23786.510423
469.316354,102,23787.550774
2550.698404,534,23796.344297
449.028153,99,23797.380807
351.384143,80,23798.375209
1262.404971,273,23801.037055
603.091674,138,23802.563086
136.073174,32,23802.611934
994.760797,225,23805.172431
475.41731,105,23809.905051
763.252988,159,23811.472966
829.674972,191,23813.595847
2063.369811,437,23818.292242
477.827818,108,23819.335947
906.04205,200,23825.149952
3833.31758,813,23833.568326
1343.328983,293,23840.01828
1698.487859,363,23843.686953
132.952239,29,23844.169842
589.984759,134,23845.703843
212.932418,48,23845.781018
709.713883,149,23847.323227
576.24014,119,23853.311528
348.248828,80,23853.874112
4274.557632,900,23867.874059
1952.251136,405,23872.49511
556.237807,111,23873.54311
426.16612,94,23874.5721
335.280315,77,23875.138081
337.013797,79,23876.139138
469.460496,104,23877.169967
460.662779,93,23881.146101
1547.591664,337,23884.342869
284.504056,66,23885.323337
358.159251,85,23885.899773
338.972328,79,23886.904338
1192.289584,289,23890.005029
338.904321,80,23890.575184
1391.618197,298,23896.752443
803.945288,181,23898.798743
1616.29453,342,23902.409417
595.106665,127,23903.491265
571.778612,133,23907.923848
380.007952,84,23908.934819
737.925462,143,23910.484438
779.809363,177,23912.09288
428.125152,87,23913.110126
292.916651,67,23913.657488
545.815883,107,23914.715044
1739.057986,352,23921.535201
540.560304,127,23923.062953
383.392318,90,23924.086706
788.655356,189,23925.706012
316.14875,73,23926.705476
1975.953441,426,23930.905925
594.981019,120,23935.754225
689.141494,149,23937.318441
1743.828268,375,23941.017421
1759.687711,381,23948.975443
524.385949,119,23950.046722
348.559498,78,23951.044099
652.675726,155,23952.608287
629.802985,146,23954.176722
1308.842115,289,23957.30587
295.46467,66,23957.847439
1389.715186,295,23964.987061
1609.971636,372,23968.665984
563.478977,124,23970.178322
911.599537,182,23971.791977
505.510676,105,23973.283174
607.595295,132,23979.272047
2111.948517,437,23983.947971
740.674587,169,23985.532256
875.846065,190,23987.607057
594.632359,119,23992.304698
1372.789404,291,23995.059763
1944.920644,412,23999.678993
778.233134,165,24001.255797
1884.897372,411,24009.462298
436.542011,103,24010.49802
708.198037,154,24012.072865
453.1266,96,24013.09437
527.367873,111,24014.143243
1275.502853,283,24020.487127
512.941052,104,24021.527274
249.114556,53,24022.049169
392.715301,93,24023.08118
411.517665,96,24024.11299
1279.416894,262,24026.716676
923.841169,187,24028.75953
476.933663,108,24029.806242
633.6874,139,24034.536746
1484.522885,317,24037.701174
480.661353,100,24038.740962
477.933524,102,24039.776733
518.457727,110,24040.83024
541.379116,115,24042.341502
518.155166,114,24043.399574
280.033159,61,24043.932085
712.616817,155,24048.7838
281.171347,60,24049.747402
486.478883,94,24050.341863
1369.368622,304,24053.876391
434.407713,105,24054.913924
180.62012,40,24054.97445
2916.921799,612,24065.910594
597.208131,126,24066.994153
473.18409,107,24068.03761
469.251351,95,24069.072931
546.424529,117,24070.576406
1199.793832,252,24076.232183
364.07745,74,24076.786338
509.615785,111,24077.844216
616.414752,137,24079.372631
641.2313,143,24080.917596
3431.08051,723,24092.239552
1041.757199,229,24094.810822
303.1977,67,24095.359103
1196.319864,245,24097.931124
837.837186,178,24099.971265
989.715249,225,24106.909174
448.941501,98,24107.952174
504.597899,100,24108.985041
875.81624,177,24111.004721
900.161496,192,24113.085035
575.627121,133,24114.178002
225.360431,53,24114.692596
329.026756,77,24118.739757
437.723392,104,24119.786421
232.869479,56,24120.310197
231.538321,58,24120.835798
518.135693,118,24122.342574
264.688288,58,24122.869803
380.997175,85,24123.442135
1523.049459,324,24127.04252
2056.205342,443,24135.204181
4460.441442,957,24148.853136
1924.374167,407,24153.002902
1613.791002,360,24156.684867
1777.119521,384,24165.965072
349.830326,68,24166.507398
1305.409492,285,24169.627414
550.152608,126,24171.146116
417.613906,99,24171.736381
218.918684,51,24176.96181
386.908301,87,24177.537134
169.554996,37,24178.027828
403.434185,93,24179.047416
338.765362,79,24179.608414
282.220383,65,24180.583779
669.399111,144,24182.125942
590.394726,137,24183.229609
168.018875,38,24183.723896
365.007432,75,24184.713732
372.529478,78,24185.27634
527.453913,107,24186.323282
667.319684,155,24190.654057
867.526003,191,24192.696331
240.82949,49,24193.215421
171.688594,37,24193.707007
225.279661,47,24194.213467
236.166871,49,24194.725317
563.915882,122,24195.780898
224.691374,46,24196.292304
692.111161,152,24197.853594
196.015275,41,24198.353003
203.917607,44,24198.859072
373.822964,84,24199.861594
842.57817,159,24205.242852
356.67015,86,24206.248212
168.098239,35,24206.30345
898.514055,196,24208.391179
1395.881557,300,24211.516653
219.290562,45,24212.027254
544.278086,107,24213.069027
398.069985,87,24214.083569
444.896938,98,24218.385529
1315.489344,296,24221.497384
314.76378,65,24222.034976
586.773264,118,24223.100863
2253.608606,499,24231.243617
78.527512,17,24231.701432
211.8343,49,24232.210726
1815.550243,401,24236.383557
321.792787,68,24236.925646
698.23621,137,24238.450515
540.285868,128,24239.536854
514.599686,113,24241.025745
2525.149831,529,24249.588943
486.744328,110,24251.074304
580.330518,121,24252.139935
481.716063,109,24253.184617
810.341144,173,24258.34444
221.352379,51,24258.863285
495.501028,115,24259.921955
1265.904929,275,24262.577174
2042.807437,433,24267.234678
897.686519,188,24273.251037
1461.814681,319,24276.399254
470.342877,98,24277.437027
831.993362,166,24279.025036
466.724771,106,24280.507035
485.588689,112,24281.572469
859.715001,192,24286.920562
568.530207,123,24287.993854
721.697971,149,24289.546941
707.324214,158,24291.133408
550.665262,117,24292.632577
627.053539,138,24293.753895
738.092973,160,24295.763662
965.523573,222,24300.513322
631.288696,145,24302.06467
1391.213737,300,24305.183342
2044.314122,440,24313.937599
854.086363,176,24315.549628
516.058709,122,24317.061812
975.664669,220,24319.190197
684.620692,154,24320.765888
816.129293,182,24322.822261
513.197652,101,24323.858186
757.896574,144,24329.314214
664.807405,151,24330.871901
183.269182,42,24331.373551
639.465399,140,24332.465082
1350.551688,293,24335.577645
620.739469,149,24337.132324
1065.18986,234,24343.54795
1406.370452,305,24346.688504
2284.024515,493,24351.88288
784.909953,178,24357.835263
1103.652988,246,24360.437133
1271.268548,281,24363.544719
2123.56067,439,24373.36907
1855.801244,402,24377.534439
792.045399,173,24379.131975
1592.789726,345,24382.80227
1621.480712,330,24389.473133
2084.32221,431,24393.723006
478.834079,107,24394.77497
841.348615,187,24400.957042
1375.352036,272,24404.012689
2835.684857,602,24410.312379
1291.661559,271,24416.803648
1363.825952,294,24419.909666
1348.104564,290,24423.012116
651.750464,139,24424.534316
1911.633209,412,24434.168885
574.701435,131,24435.251662
1283.101058,292,24438.368106
992.74941,220,24440.931902
827.080571,172,24446.234973
316.279508,69,24446.781964
409.160965,87,24447.795711
1036.935811,235,24450.374967
699.764111,149,24451.939334
540.27157,123,24453.004187
1454.834687,330,24460.369861
647.195232,152,24461.922857
1846.437322,388,24466.065938
4719.999461,1000,24480.52899
749.283222,161,24482.092841
546.912987,126,24483.617372
1880.83837,389,24491.704269
1451.765581,293,24494.802882
679.829248,154,24496.363121
462.293751,92,24497.387164
564.569443,132,24503.075326
2020.490792,434,24507.310813
1555.458309,334,24510.928476
636.090904,141,24512.459779
754.124441,168,24518.621368
992.129742,223,24521.176861
2733.01077,563,24526.90306
589.799824,142,24532.184403
666.613888,157,24533.820862
652.590505,149,24535.392237
1546.087839,322,24538.527108
885.705282,196,24540.592803
376.633035,85,24541.600381
960.65166,225,24549.58279
1452.031215,292,24552.67278
630.969378,135,24554.191988
1298.076183,268,24556.81639
1275.303442,266,24564.418135
1095.507932,235,24566.539126
505.049203,114,24568.032915
837.948323,177,24569.641073
758.375921,159,24571.209226
2508.107463,563,24581.054195
501.648494,107,24582.107082
469.153673,102,24583.14211
1498.33292,303,24586.266004
742.363287,175,24590.853181
576.988392,129,24592.380186
374.152636,82,24593.388753
1580.51449,343,24596.594008
827.860111,185,24598.659933
462.581526,90,24599.682476
324.931038,77,24600.683851
443.982848,101,24604.967207
463.139278,111,24606.032013
2325.483541,504,24611.268013
604.145722,134,24612.78979
705.646641,164,24614.386671
1587.709726,350,24621.637141
500.814241,117,24622.691121
566.605815,135,24624.222029
2098.63309,454,24632.57922
1407.314365,296,24635.701505
613.997048,137,24637.231036
1376.238444,307,24640.381838
1435.389883,324,24646.962767
438.988491,100,24647.99764
2274.727115,487,24653.247298
606.249306,136,24654.81815
497.74561,113,24655.895782
787.384651,181,24662.143855
1755.412973,361,24665.870877
1379.815861,301,24669.054078
1901.137552,413,24676.69589
403.839648,96,24677.719367
1065.023028,236,24680.32312
1958.082509,445,24685.017686
1065.77861,231,24691.190659
1131.824379,256,24693.792673
220.368647,49,24694.304789
426.517509,95,24695.331996
1350.589546,301,24698.474177
1911.216915,403,24706.012001
1314.93863,293,24709.149607
709.138479,158,24710.723326
826.234806,180,24712.778112
539.746584,119,24717.883089
491.601462,104,24718.919469
366.862712,73,24719.905788
1795.22194,374,24723.621055
1825.262977,398,24727.802351
2228.773092,467,24736.123794
2781.799478,604,24746.148351
1675.931843,321,24749.291112
767.691824,168,24750.882981
2054.713438,428,24755.505023
638.94448,142,24761.16593
1422.179622,312,24764.322234
1381.964143,294,24767.423975
1680.716341,358,24774.578407
948.432418,204,24776.720533
502.85159,119,24778.232105
889.246934,180,24779.87185
636.743019,134,24781.429076
1041.681559,216,24783.571965
794.199042,180,24789.576985
1197.349979,273,24792.306455
2292.800497,482,24797.598779
843.607234,181,24803.937003
837.334621,190,24805.591855
957.684133,213,24808.199272
690.388638,149,24809.806371
1955.50599,432,24819.463359
2554.832098,550,24825.336539
2121.716872,456,24834.884146
2994.38703,635,24841.821573
2917.995911,610,24852.498239
330.185737,73,24853.512022
622.344613,140,24854.645192
472.915206,96,24855.695251
2370.344236,496,24864.888892
869.081965,197,24866.974888
889.811979,188,24869.031283
1283.500096,281,24872.105903
454.603124,98,24873.137196
4063.717064,850,24887.076326
1441.155446,306,24894.878399
446.847527,105,24895.94173
1656.471047,355,24899.716149
694.126169,153,24901.2823
522.084931,120,24902.378083
460.104172,92,24903.417814
1824.51387,392,24911.145307
422.442188,100,24912.199581
1355.312054,289,24915.378929
335.846949,77,24915.951582
635.460678,139,24917.499145
1369.205102,298,24924.561995
413.069003,94,24925.615418
1038.062602,222,24927.78016
610.89371,135,24929.324367
851.051613,189,24931.443832
329.377066,78,24932.031928
3581.456687,767,24944.743901
1053.606648,227,24946.923223
831.293327,180,24953.03244
990.671508,213,24955.174212
968.920723,209,24957.320236
284.439908,64,24958.310932
304.495479,72,24958.877687
408.405224,104,24959.942816
621.868528,155,24961.538824
4713.247198,988,24975.604718
552.456887,117,24976.664551
512.683915,108,24982.540233
840.486997,190,24984.174371
457.423592,111,24985.669683
856.71578,200,24987.766913
381.441227,93,24988.361129
1137.830415,243,24990.952234
4346.97811,913,25004.022104
3545.397091,772,25015.929041
2139.827575,446,25024.012322
830.051699,167,25025.604641
439.805014,105,25026.653909
505.391367,118,25028.161755
375.34214,93,25029.18538
333.942478,78,25029.75153
650.273382,146,25031.301259
1014.549619,225,25033.866983
493.237242,112,25037.899157
693.939991,153,25039.457293
514.098853,117,25040.524336
478.386868,116,25042.021652
491.852612,109,25043.067237
588.373289,132,25044.160936
507.856795,121,25045.66523
547.249319,130,25046.747214
1154.414482,255,25052.673984
1622.889744,328,25056.274467
1145.590671,256,25058.9014
134.234601,32,25059.386987
924.640897,220,25064.375326
163.460551,37,25064.872127
1742.797043,381,25068.992836
473.906701,112,25070.060039
270.894694,66,25070.608427
1620.757787,358,25074.384703
584.393803,133,25079.501255
2828.237282,595,25085.760929
1026.065894,233,25087.882136
532.992847,119,25092.234515
291.361441,71,25092.780459
466.583293,104,25093.826686
464.114142,108,25095.307032
292.061996,65,25095.84684
529.401669,113,25096.908238
519.816603,119,25097.967909
507.993335,124,25099.467781
1026.660848,235,25105.074396
457.019572,112,25106.123219
1125.917023,250,25108.736293
822.319025,192,25110.799029
541.082649,124,25111.873576
972.319252,223,25114.434638
2847.571247,606,25123.648371
600.947624,134,25124.746224
699.355727,151,25126.31415
304.855053,70,25127.302965
2549.772445,539,25136.199657
805.019257,169,25137.782988
2254.8654,490,25146.653987
237.043991,54,25147.177574
418.630137,97,25148.215031
823.807656,183,25150.275359
363.126518,84,25150.842611
836.688296,193,25152.904222
447.248936,110,25153.953329
671.270595,154,25155.528464
994.000116,240,25162.046129
710.086911,164,25163.648384
449.652312,107,25165.133034
629.907995,142,25166.244836
392.75766,93,25167.274865
400.756802,91,25168.294726
1935.75872,418,25176.481464
482.352497,109,25177.97329
344.986889,82,25178.539984
2128.122956,457,25183.300446
500.758765,117,25184.813209
2127.63402,445,25194.189982
458.556322,101,25195.237257
1013.433407,214,25197.344374
1347.829739,298,25204.632092
1351.230511,281,25207.707937
2105.425095,437,25211.917449
773.528899,178,25213.955157
1098.432852,243,25220.899897
4023.896378,883,25235.102447
650.32822,142,25236.640261
1725.010468,383,25240.799816
727.832357,163,25242.37667
3823.555406,806,25254.842218
1002.600138,225,25257.402218
1919.851064,408,25266.781864
1454.76579,310,25269.922884
1418.64742,297,25273.046867
1036.292274,224,25280.750555
754.056569,177,25282.352987
879.660092,195,25284.40934
4659.890794,1000,25298.275597
659.19476,148,25299.823708
1323.171873,273,25302.474295
1123.413177,257,25309.484153
410.303219,96,25310.080395
747.669662,168,25312.111012
1598.758777,348,25315.770406
143.887738,33,25315.821463
958.899962,214,25318.353385
555.981504,122,25322.722814
2554.635722,543,25328.472267
431.606681,89,25329.487143
704.562534,159,25331.064059
865.81686,192,25337.521207
1351.134542,298,25340.653034
1901.06962,409,25344.821349
756.471082,172,25346.423305
1608.957112,345,25354.81324
1299.48206,278,25357.918199
814.795043,186,25359.984793
488.856631,116,25361.051005
811.406914,185,25367.399964
455.789227,103,25368.442168
438.096242,94,25369.45906
179.171829,43,25369.528914
4781.627015,1000,25383.60503
1021.191981,218,25386.172477
3194.342385,684,25397.322558
892.551685,190,25399.405818
1196.611559,244,25401.99718
1692.528889,369,25405.694348
295.627872,68,25410.987205
625.942254,143,25412.532337
549.397298,115,25413.587843
734.523742,170,25415.174025
1117.161694,244,25417.781605
1061.968108,232,25420.343096
606.009344,130,25425.911996
772.990865,168,25427.492766
1103.788332,244,25430.091508
1075.771741,239,25432.6671
1022.360031,213,25434.872985
854.923841,173,25440.358982
1078.009494,224,25442.92329
1855.253612,404,25447.109735
228.538542,50,25447.629855
2100.56791,442,25457.154707
2632.214107,565,25462.99525
2964.704765,628,25475.155383
252.882193,58,25475.685271
495.168619,97,25476.709783
675.189862,147,25478.261456
2499.41808,522,25487.815
683.766111,149,25489.373463
1062.852672,226,25491.519683
1583.406745,337,25495.160035
814.224051,183,25501.673678
2161.370362,462,25506.405271
1494.345479,340,25509.998072
2236.287233,469,25518.818173
635.720212,133,25520.330189
1508.41204,336,25523.950528
974.135886,207,25529.334394
1271.601681,285,25532.444193
292.730935,63,25532.985748
559.530253,130,25534.09284
925.027932,204,25536.196996
1159.2802,262,25542.956101
1323.05066,285,25545.622985
1925.339148,411,25550.282647
1914.180724,417,25558.243101
988.696735,218,25560.356408
1530.533218,326,25563.972818
1282.486688,276,25566.635018
523.742641,113,25571.337136
586.438335,139,25572.449006
1014.681976,219,25575.010126
2385.243016,484,25579.752202
512.571184,112,25585.867196
2668.964184,560,25591.648399
996.647137,216,25593.741024
1329.977907,301,25601.189855
317.478278,75,25602.18876
1980.264176,427,25606.416636
1631.186749,331,25610.025714
934.849437,202,25616.268855
108.450027,24,25616.311187
1536.750159,329,25619.947884
2739.604567,590,25631.908404
1006.382518,210,25633.992256
494.812752,105,25635.028829
2752.903304,592,25641.319359
2205.411662,475,25650.204197
1814.800156,364,25654.316437
1640.132686,346,25662.911596
1129.372932,248,25665.514907
1542.132957,316,25668.6782
544.638031,125,25669.76134
673.77894,149,25671.337419
532.98966,125,25677.701054
527.52338,113,25678.752433
796.068818,176,25680.796227
576.852903,119,25681.853883
369.589195,78,25682.845122
264.283446,53,25683.363786
1359.965202,286,25686.021184
745.901989,165,25692.59014
414.716245,95,25693.615284
138.553714,30,25693.662364
943.229812,212,25695.769888
872.317425,186,25697.818676
1372.962021,293,25700.935027
1988.239683,418,25709.284972
696.960839,148,25710.831337
354.161987,77,25711.822185
1242.978877,273,25714.450049
1437.356854,296,25721.159858
546.105803,116,25722.668577
1166.347042,234,25724.790431
1850.089291,382,25728.904699
550.090301,123,25729.974001
981.78785,201,25735.706631
1017.467083,214,25738.228328
1908.515777,400,25742.391065
1054.024768,205,25747.989769
1274.006972,264,25750.612619
618.307465,132,25752.134116
399.485038,86,25752.707045
1366.341847,289,25755.78639
872.64353,184,25757.842281
260.325366,54,25762.667124
1444.320443,318,25765.834026
599.738379,131,25767.366633
1171.830259,256,25769.98331
1091.021284,212,25772.076715
1101.300265,227,25778.635281
677.440671,156,25780.203519
996.214128,210,25782.295087
416.193186,83,25783.291388
578.438113,118,25784.35091
2009.585545,426,25793.408418
237.274017,53,25793.976922
1140.453799,249,25796.599615
1076.339047,236,25798.759371
1647.275134,381,25807.317031
1751.77149,379,25811.458401
1365.219987,304,25814.587105
1039.544475,231,25816.725097
349.491405,78,25822.61019
1228.308375,270,25825.274688
514.438406,119,25826.783204
453.116464,99,25827.811141
2315.587946,502,25837.753576
339.420332,80,25838.316094
721.685939,161,25840.335256
1494.20941,327,25843.493817
1013.887465,227,25846.068014
4541.454363,971,25859.78787
1102.686356,223,25864.87546
738.172885,163,25866.883093
504.213659,108,25867.928587
1734.007951,365,25871.584296
585.361253,129,25873.106873
1768.195089,382,25880.584248
489.640823,103,25881.612014
724.834622,143,25883.149474
1037.974377,232,25885.714435
699.518413,138,25887.249959
587.260913,116,25888.316841
2170.795464,449,25896.661396
593.335967,137,25898.206957
1535.297714,318,25901.372663
694.869695,140,25902.904134
719.469933,152,25908.316354
830.968086,172,25909.907686
2096.412036,463,25915.050404
2415.071449,512,25924.698774
3265.551734,688,25932.030622
1155.278357,248,25939.561139
652.081738,138,25940.652719
1063.666948,232,25943.21927
2390.091062,500,25953.671543
429.996001,104,25954.712089
1820.685478,399,25958.897534
322.692879,72,25959.8768
521.414409,113,25960.927747
527.334774,109,25961.970722
992.321586,200,25967.911726
537.173874,113,25968.964238
546.569064,109,25970.015729
330.583771,73,25971.004051
636.001819,134,25972.532283
938.850371,204,25974.693821
1029.253888,238,25976.833255
944.576731,194,25983.984419
4297.379521,917,25997.633079
1686.900991,355,26001.273783
1363.286015,294,26004.387004
2052.942856,455,26014.538113
1764.575578,378,26018.239768
479.491829,95,26019.266257
659.441218,133,26020.782179
269.251848,55,26021.30509
167.392524,36,26021.797923
180.164617,37,26021.855871
433.735128,85,26022.866942
435.056654,87,26028.779168
692.362633,155,26030.340743
134.1054,28,26030.38518
3119.586734,658,26037.623813
475.01121,101,26041.647761
289.708516,59,26042.178236
428.808537,84,26043.184242
326.397145,74,26043.736992
429.323271,93,26044.759467
667.793444,136,26046.283252
495.941996,103,26047.326291
442.028587,93,26048.350376
454.834752,93,26048.938003
594.914194,131,26050.466137
357.146172,72,26051.011971
555.463352,109,26056.89661
519.945889,106,26057.940681
481.259266,98,26058.969423
1293.364813,267,26061.590317
1021.918852,213,26063.681995
1117.336016,246,26066.262127
1231.635522,258,26073.418303
1060.917201,239,26076.013196
1211.171336,258,26078.619675
1340.600756,290,26085.052371
610.611211,140,26086.593246
1023.275252,224,26088.719226
885.606033,199,26090.790475
1050.246779,235,26093.39003
1720.205386,372,26101.250655
778.695972,180,26102.856436
1087.904417,237,26105.433024
1559.967185,339,26109.089899
512.323849,104,26114.394836
822.479677,183,26116.004066
1732.70763,365,26120.092719
304.801851,69,26120.640006
684.256743,161,26122.21112
337.500965,74,26123.200141
1128.580559,249,26129.677528
1088.092536,240,26132.270265
965.257366,211,26134.360953
381.735832,82,26134.934068
2168.667811,454,26145.586739
1784.481521,374,26149.700723
461.74612,99,26150.727412
531.725901,106,26151.778126
1017.970518,229,26154.41203
2197.827769,469,26163.946196
2081.67997,441,26168.610981
1711.309643,367,26176.500453
1294.39791,271,26179.56022
2639.179385,562,26189.933462
469.51642,106,26190.972651
1934.386706,409,26195.173164
986.830997,203,26197.263783
1892.001719,405,26204.901027
1933.761568,419,26209.540421
1484.250585,299,26212.631063
893.820619,198,26218.945809
4728.013492,980,26234.561533
726.107301,155,26236.28432
549.548674,112,26237.844815
4454.246026,931,26252.335329
1435.820229,299,26255.807671
319.243938,66,26256.378909
1483.53289,322,26260.170782
2000.892624,418,26269.93435
1600.419941,336,26273.852201
1411.144275,291,26281.845368
2523.892749,538,26287.71883
2257.028399,482,26297.19225
719.065401,158,26298.882005
4685.141892,1000,26317.026267
1827.164682,399,26321.893284
3297.348895,707,26335.04912
1146.993535,253,26338.3922
844.39222,182,26340.155119
497.683005,115,26341.323398
2384.547007,507,26352.95477
866.112417,197,26355.267648
510.561203,115,26356.421622
3730.502314,792,26369.226121
2737.678185,569,26380.563129
860.740852,191,26383.13218
1538.405688,332,26387.237293
765.529596,172,26388.950288
1239.338432,272,26391.971073
4129.167363,884,26408.477376
751.167297,172,26417.303066
823.590595,182,26419.256931
1198.78461,252,26422.142826
662.374682,154,26423.928157
1609.777065,354,26428.004014
1337.005159,287,26435.942188
2440.579886,521,26442.27867
1130.699586,240,26449.483799
727.480865,156,26451.247904
2404.368774,524,26457.5453
1115.663881,250,26460.370453
1121.055883,240,26468.908427
1325.612392,270,26471.744127
1276.742516,291,26475.227915
1396.218127,303,26483.11619
1953.88663,419,26487.717437
817.661617,183,26490.004953
1274.60767,274,26493.429917
2363.46457,514,26504.230411
972.120507,204,26506.565902
1877.706431,400,26515.067843
822.032173,192,26517.335168
1024.72886,220,26519.715595
841.592227,178,26522.027861
397.18604,82,26522.678022
539.84457,107,26523.828328
956.310586,195,26529.730308
559.091499,118,26531.404364
1672.302353,365,26535.465165
680.137111,141,26537.197232
1687.132048,366,26545.514211
617.428362,122,26547.220397
4807.712186,1000,26563.797139
515.432696,106,26564.989058
437.153224,88,26566.131633
553.90695,112,26567.286252
1926.154912,425,26571.986056
3943.591335,835,26587.19746
593.723827,120,26588.347685
561.089376,124,26590.043412
327.231375,64,26595.278993
1089.147722,233,26597.975182
487.788545,95,26599.135098
404.379406,80,26599.757747
917.74254,206,26602.027912
489.028998,101,26603.156725
963.704427,196,26605.401654
452.545779,92,26610.595448
3202.342148,664,26618.022621
2282.619108,491,26627.661689
1234.234651,266,26630.944457
828.666336,177,26632.705357
527.301177,102,26633.832683
751.487651,160,26635.580127
535.85449,108,26641.426323
449.431416,88,26642.07021
1050.410494,220,26644.93647
582.826087,114,26646.097954
1086.29841,229,26648.95106
333.655408,75,26649.540417
400.615546,92,26650.694053
636.360931,138,26652.468503
498.581537,100,26657.310947
3345.058868,682,26664.912025
1302.759914,281,26672.874889
838.280893,182,26675.136994
434.591807,85,26675.800134
646.058229,157,26677.520389
504.822542,97,26678.629239
780.652594,148,26680.279822
4106.938318,860,26693.104531
1004.635562,206,26696.001129
435.812865,88,26696.627006
452.083955,93,26697.727442
578.663859,133,26702.562961
550.741393,109,26703.683777
465.178981,96,26704.805712
1704.033804,362,26708.687724
510.239577,102,26709.796789
422.86412,84,26710.882332
412.658098,86,26711.95009
373.021741,78,26712.564546
782.867879,166,26718.707997
1192.799566,242,26721.039939
4095.765539,883,26734.442078
1662.576447,362,26738.428704
1398.981939,302,26741.848414
568.322042,118,26747.605168
501.542783,96,26748.713661
467.325993,96,26749.822646
1109.330439,233,26752.132592
827.142825,174,26754.379367
1221.45184,255,26757.217645
414.140734,81,26757.850445
323.61525,68,26762.746748
506.945773,107,26763.880267
439.966005,99,26764.981824
560.148324,126,26766.101409
1764.849646,366,26770.373179
321.463504,66,26770.980147
296.256281,63,26771.56479
419.801346,95,26772.669053
409.29278,85,26777.217922
396.475969,82,26778.304969
648.350509,145,26779.522341
1491.96305,293,26782.874014
767.642766,155,26784.580119
395.33276,81,26785.667401
1121.067066,229,26793.459384
1499.303142,329,26796.908389
1470.2094,315,26800.302783
616.002393,140,26801.953975
595.84585,113,26803.569117
4584.536835,1000,26819.12955
764.786726,181,26825.552207
376.933945,86,26826.631068
1857.303762,409,26831.136815
512.174552,99,26832.256814
551.044493,110,26833.386187
381.174078,80,26834.468341
659.558434,128,26838.978988
357.905419,73,26840.045221
594.067543,120,26841.189458
464.987518,98,26842.29695
476.88002,97,26843.407116
2439.099177,500,26849.039476
395.3595,78,26854.721395
1633.449427,344,26858.659673
1483.405277,312,26862.081635
727.570927,138,26863.728338
1270.17642,255,26871.405278
1719.223319,318,26874.868524
1651.087772,359,26878.854775
992.988987,217,26881.614633
3369.401606,709,26894.340063
661.466667,143,26896.020607
741.253152,165,26897.746188
2023.718564,419,26906.645411
2958.799263,625,26920.445911
716.419165,161,26922.196387
2421.081521,515,26928.024037
2620.297778,556,26939.543621
1003.296301,217,26942.197854
958.362613,193,26944.343902
1793.887514,380,26952.264601
1377.231326,304,26955.708118
1304.90708,293,26959.148825
1136.011071,233,26962.010855
2003.240814,407,26970.965073
1564.705066,320,26974.401149
1296.197736,278,26977.799143
1327.959642,282,26986.341058
632.797664,123,26987.507895
641.805089,131,26989.193905
791.214397,162,26990.906049
1293.87385,284,26994.247188
993.054967,206,27004.525291
1072.045038,236,27006.914754
800.170386,163,27009.134855
603.667451,138,27010.40011
781.067277,175,27012.587342
771.206686,155,27014.341043
763.171428,158,27019.674416
689.260689,139,27021.342101
816.887547,179,27023.562635
1792.041625,387,27027.706185
792.85947,181,27030.01541
586.649816,135,27035.910807
368.944874,77,27036.512044
419.348326,92,27037.663946
392.163984,79,27038.735316
372.376871,86,27039.351579
911.871056,186,27041.61491
485.620429,89,27042.757007
702.51732,151,27044.404014
436.755902,94,27045.516912
943.274491,197,27051.442173
298.748735,67,27052.028696
852.506011,172,27053.78533
356.187973,74,27054.886873
474.452048,97,27056.028188
614.064136,140,27057.68923
1103.846254,240,27060.017078
2400.648898,497,27069.498076
281.692948,67,27070.570215
453.375401,88,27071.215637
599.438609,122,27072.858606
433.355549,95,27073.969112
421.256867,98,27075.125028
449.442868,87,27079.657228
368.377625,75,27080.296098
219.840966,51,27080.910972
404.557467,92,27082.09912
842.414481,169,27083.933214
369.301797,79,27084.996457
298.136314,64,27085.601667
260.181233,60,27086.194877
267.571719,66,27087.284732
167.427262,36,27087.345235
2206.940076,453,27096.944396
331.712775,72,27098.045984
540.921724,120,27099.222448
460.099994,94,27100.355655
421.044943,91,27101.462469
469.168271,95,27102.602533
761.305579,174,27104.449683
463.29221,103,27105.556
498.168314,98,27106.636727
1525.69211,323,27114.435116
465.571754,93,27115.55496
273.680965,66,27116.157821
386.006412,91,27117.24486
677.198699,148,27118.924131
312.150354,77,27119.557966
274.211642,64,27120.726185
265.476755,61,27121.38464
255.875771,63,27121.994545
356.768249,74,27126.591759
520.190645,112,27127.750102
227.654076,52,27128.322044
380.052117,89,27129.448241
1196.304901,254,27132.338066
307.058758,72,27132.949325
1360.179493,280,27136.325833
238.165023,55,27136.903852
735.860363,165,27142.958659
278.064242,69,27144.056453
485.40618,118,27145.285712
323.101725,77,27145.908807
444.242684,110,27147.642669
501.212747,96,27148.769343
489.260547,97,27149.446242
1198.166269,245,27152.33562
2248.814203,501,27162.346563
738.948928,167,27164.574197
258.655209,60,27165.145258
367.435478,75,27165.741899
732.544349,158,27167.912062
298.691657,71,27168.518389
252.102924,54,27172.877175
435.805804,88,27173.978545
285.007783,61,27174.560191
234.369035,58,27175.158243
272.80732,61,27175.733266
508.459852,108,27177.344473
1606.055073,358,27181.228435
2765.441067,562,27191.994654
653.091782,137,27193.58802
469.580945,110,27194.71795
1809.893455,385,27199.13937
600.603057,125,27203.918438
477.558116,97,27205.075236
362.355242,73,27206.170133
505.037746,101,27207.288343
793.133343,151,27208.983967
660.035695,140,27210.226714
498.590737,114,27211.851176
1334.789659,294,27219.998883
1841.513753,412,27224.451088
3671.930534,749,27236.941457
733.195258,154,27238.63126
428.021711,100,27239.812596
434.067272,87,27240.986631
308.978522,73,27241.588922
392.399784,87,27242.69166
687.815028,148,27244.388542
325.891128,76,27245.033598
485.6283,98,27249.662204
457.713936,96,27250.825953
760.007212,154,27252.547674
419.535989,84,27253.663355
473.964129,95,27254.838423
1321.604874,283,27257.76245
1295.048866,274,27265.063736
523.38097,102,27266.207003
563.531878,116,27267.360454
1842.665427,385,27271.890221
1843.655372,376,27280.590463
428.903907,94,27281.236513
373.429314,76,27282.353343
837.091805,172,27284.14175
2023.538122,432,27289.359945
311.168312,67,27289.949436
482.012721,105,27291.078652
1444.545958,296,27298.179708
788.351934,181,27300.313932
2583.134431,568,27306.266632
1064.993995,241,27313.329763
1622.368513,349,27317.316938
448.838988,102,27318.435962
1120.256795,254,27321.251821
369.175313,81,27326.116237
1048.334226,233,27328.881688
1970.069613,421,27333.280908
720.966331,172,27334.918225
1489.796979,320,27343.5163
755.181753,156,27345.292544
1219.452391,259,27348.210587
1316.747053,289,27351.728433
605.738653,135,27358.38355
1330.008491,285,27361.29916
1888.22488,393,27365.834852
1294.192663,267,27368.730728
1812.747288,378,27377.867275
464.40674,112,27379.014409
1096.440226,231,27381.759516
1885.012896,393,27391.189942
1660.314757,361,27395.193776
1670.302154,368,27399.242744
510.195077,121,27400.902719
1765.469009,372,27410.377803
493.153238,110,27411.530024
479.766825,109,27413.166728
2229.49479,481,27418.859113
848.668343,191,27426.108706
347.266877,78,27427.149211
2158.05253,471,27432.268313
2286.134189,499,27442.492199
828.187475,189,27444.702138
616.082614,140,27446.33001
2862.259857,612,27459.149343
1081.525204,239,27461.902194
863.764458,193,27463.631646
4740.503199,1000,27479.678053
1859.845886,394,27483.926342
1255.843503,278,27492.574602
726.547602,148,27494.177765
3784.959286,802,27507.458724
597.647227,135,27509.053984
1120.084539,243,27511.251545
2216.328038,470,27520.151828
536.759429,122,27521.244325
471.930951,107,27522.30382
555.435679,126,27523.84212
799.207487,177,27525.462186
714.569322,158,27527.500559
1992.29096,389,27536.990211
3715.287518,797,27545.520107
3523.230178,740,27558.527892
1551.074202,332,27568.880444
3927.339216,836,27578.375674
2211.867249,469,27587.859298
1173.202985,253,27590.656837
533.371514,126,27591.788581
1386.921816,303,27600.506387
860.856202,196,27602.20829
436.781692,87,27603.239597
317.716038,69,27604.248056
732.730529,165,27605.912619
1739.282664,364,27609.742429
548.738921,117,27615.83331
727.967989,161,27617.469281
2361.272277,503,27622.931281
2470.009391,528,27632.844629
966.288677,207,27635.084396
503.127227,112,27636.723197
600.719806,127,27637.932394
2792.848619,586,27648.533451
1403.041944,314,27651.936004
1808.32064,386,27656.189998
639.868239,140,27663.319814
1745.882469,381,27667.155319
1380.710408,295,27670.345309
1647.967213,356,27679.900353
1429.659551,313,27683.582162
872.008318,175,27685.222823
1675.688342,366,27689.459771
1136.701115,245,27696.548708
1500.483187,317,27700.49754
476.912399,108,27701.624513
1656.438107,358,27705.633739
1872.897664,402,27714.980183
1113.927221,245,27717.713505
1944.429757,423,27727.272246
503.276654,113,27728.893387
1123.355078,239,27731.688936
380.630988,82,27732.290657
1821.976611,386,27736.847134
1730.915274,368,27746.889569
773.194185,169,27748.977292
1867.794599,397,27753.521506
3397.259185,712,27766.535178
1852.434817,390,27771.098368
4855.563882,1000,27787.289245
1562.919701,335,27796.701013
1724.805393,379,27801.538165
1632.481394,345,27805.43291
1027.05182,227,27811.90556
3780.605709,813,27826.551251
2234.446483,479,27831.619376
1164.846862,248,27834.406016
1041.655043,224,27837.267333
794.210888,176,27843.208783
1527.398036,325,27847.055118
2123.484035,459,27852.299067
491.615241,108,27859.355888
370.831821,75,27859.968368
507.390557,114,27861.655677
613.297347,136,27862.884889
2995.669601,647,27870.308912
707.580217,152,27877.49139
2143.313038,454,27882.888404
789.187999,175,27884.537874
2340.122446,501,27894.473647
1155.721027,248,27897.186033
503.568667,115,27898.291529
1063.480429,235,27900.985286
1172.735253,261,27907.450361
1596.195527,335,27911.189118
968.308901,210,27913.40782
1883.892685,406,27922.951042
731.839765,157,27924.588313
2062.972247,447,27929.509578
1873.284732,404,27940.044215
4362.590124,937,27956.318743
380.710547,81,27957.436072
2727.524189,598,27964.004296
491.061775,111,27965.089934
577.387124,131,27966.710649
701.809616,147,27973.626817
1786.34977,381,27978.140364
1341.586376,296,27981.672579
296.386876,65,27982.28983
695.95159,155,27984.121022
918.881123,195,27990.855289
3822.635045,799,28000.040524
448.118638,102,28004.88854
1129.438847,254,28007.819389
722.707573,162,28010.073726
593.539804,134,28011.283214
959.881108,196,28013.535415
348.156452,78,28014.627169
1559.091563,329,28022.335811
485.074909,113,28023.976137
566.029833,127,28025.175095
735.680639,166,28027.410107
251.610644,57,28027.996715
931.020361,193,28030.272912
1353.465305,296,28038.443762
1239.618039,268,28041.843517
566.056045,128,28043.045578
1198.489895,264,28046.48985
1723.67786,374,28054.382173
410.432477,94,28055.493434
1571.055268,331,28059.420138
895.155548,197,28061.674722
1230.257878,262,28068.834422
1478.975929,318,28072.359401
2835.775617,606,28083.489676
1174.800847,252,28086.197176
1634.925104,351,28090.12601
763.091619,166,28092.398696
1318.662451,275,28100.586776
502.835113,109,28101.717953
937.907245,187,28103.942318
906.293269,209,28106.2486
4760.391139,1000,28121.755411
1051.359837,224,28124.424314
1394.836348,288,28132.8128
462.351734,105,28133.955893
585.159953,131,28135.12946
1093.177043,236,28137.914165
244.484663,58,28138.491963
286.848251,71,28139.561886
720.118748,164,28141.307117
1890.339674,395,28149.715797
1124.627802,249,28152.484991
968.008807,188,28154.184712
2351.690843,513,28164.35487
856.485755,195,28166.652826
687.596422,143,28167.850124
852.309639,191,28170.034778
299.321421,63,28171.040996
1736.328521,375,28180.087821
910.840218,205,28182.345115
2638.531966,554,28188.605168
3254.513365,693,28201.165946
2738.182975,580,28214.51006
449.952398,96,28215.615258
2568.29324,547,28221.838925
449.265838,95,28222.4642
555.857087,109,28228.978724
362.552998,75,28229.583904
1464.25219,304,28232.968202
518.169772,98,28234.077359
1815.52651,364,28238.089643
1302.837632,273,28245.579511
1374.973516,292,28248.851588
1219.82413,268,28251.740965
2312.339089,500,28261.506374
376.012018,87,28262.551561
1573.167681,339,28266.380085
1303.604237,280,28269.338776
753.623205,173,28276.134226
865.284492,197,28278.294888
851.19368,185,28279.987454
910.314604,201,28282.17086
693.663337,155,28283.82941
949.42778,195,28290.281557
3351.479044,704,28298.361313
1533.864264,327,28306.933309
2091.660536,453,28312.039311
1310.196446,276,28315.413003
1098.13049,250,28323.827787
248.563812,58,28324.399788
567.411702,131,28325.565931
1405.319751,304,28328.944678
4022.287561,856,28344.904593
1555.220213,319,28348.378166
255.656631,57,28348.957793
395.697893,92,28350.084531
1844.592866,394,28359.83493
2692.386864,576,28366.07084
488.520571,106,28367.217791
731.961749,160,28374.785455
4733.057582,995,28392.17694
1524.153717,341,28395.603347
1475.094662,314,28399.598642
1349.010466,293,28409.270547
695.564179,152,28411.447967
665.112682,146,28412.615405
1224.178406,262,28415.986773
653.628622,133,28417.193903
416.069145,98,28418.329009
378.116388,88,28419.562566
169.96704,37,28420.234093
2337.069747,501,28431.460185
4718.924602,1000,28447.287451
658.083459,142,28449.062307
749.853326,157,28450.726599
396.438348,90,28451.807022
3941.094753,835,28466.899121
3262.173614,684,28480.690375
2130.640507,452,28485.94235
1115.462152,241,28495.293461
1188.094574,263,28498.20646
393.965041,82,28499.340339
535.157426,113,28500.503273
2097.730599,436,28505.648547
386.289364,73,28510.765514
643.846277,134,28512.496703
689.853088,150,28514.19047
4004.607826,854,28529.431419
919.921018,209,28531.914943
407.408724,92,28533.048138
348.073039,80,28534.134125
271.311348,62,28534.708592
425.570948,100,28535.874809
1642.947709,339,28543.55104
343.923379,78,28544.153053
600.06644,128,28545.796221
677.334295,156,28547.483001
644.823126,139,28549.191131
340.62163,82,28549.827375
526.338929,113,28550.989818
332.059356,64,28552.066332
328.101873,77,28552.672585
721.697349,154,28559.166862
825.544777,164,28561.522948
519.728142,113,28562.893315
4303.902654,905,28577.627426
160.915478,36,28578.148213
1474.759264,293,28581.521872
1012.711084,217,28583.808202
2711.863487,563,28595.491209
256.570142,62,28596.071567
669.094298,159,28598.303165
880.768899,183,28600.250871
452.416852,106,28601.501732
1542.738288,336,28610.079641
2065.644046,427,28615.174063
1208.116729,251,28618.111805
1372.970764,271,28625.68238
490.101625,111,28626.85446
1771.673851,375,28631.484098
906.382974,182,28633.294345
961.169092,199,28635.614309
390.388351,83,28641.218523
4367.056778,908,28651.673774
472.495714,91,28657.858968
652.237497,159,28659.499286
593.472144,135,28661.085786
423.919445,89,28662.15556
1665.754666,355,28665.963035
336.636809,81,28666.552018
384.481362,88,28667.613025
395.637621,87,28674.63046
957.315803,217,28676.987303
921.490043,201,28679.290563
336.617521,80,28680.384957
560.856362,131,28682.03057
686.661184,157,28683.739406
752.949275,157,28691.088156
3080.754474,632,28697.731135
1353.664053,291,28701.043199
509.834691,125,28706.984771
609.897471,128,28708.147177
2119.428463,449,28713.215386
998.722874,214,28716.102343
843.516358,185,28722.47323
144.23644,33,28722.988637
161.83932,35,28723.528567
682.19652,141,28724.76025
802.555341,167,28727.040996
817.557456,170,28728.820013
573.570932,132,28730.549877
212.713745,48,28731.100956
2401.487337,513,28741.473998
1064.795593,222,28744.345673
3855.175345,806,28758.253639
2209.472299,474,28763.49642
1031.402282,205,28765.795268
643.953666,142,28771.744348
1382.406942,277,28775.195843
261.983339,57,28775.772229
282.649857,59,28776.337241
716.554533,138,28778.01691
1164.23649,225,28780.279592
427.973376,97,28781.480092
857.025299,191,28787.463262
848.08234,179,28789.736639
958.824618,201,28792.151822
648.366465,148,28793.873273
1085.618352,215,28796.154724
2035.557708,433,28806.204941
738.895958,149,28807.948068
700.425109,165,28810.162392
380.535311,87,28810.802846
466.725338,102,28812.337668
4757.732178,1000,28829.935112
607.40879,138,28831.172223
885.263138,199,28837.191079
181.984068,43,28837.748448
1232.326819,251,28840.62131
659.08712,128,28842.264105
507.600238,117,28843.428448
209.309117,49,28843.979057
530.278427,118,28845.210855
789.161493,162,28851.107078
512.244619,118,28852.338541
1249.436044,274,28855.349965
1008.386049,203,28858.070881
628.90299,130,28859.291824
1428.619537,306,28867.948569
477.369259,107,28869.042177
2096.794634,432,28874.163867
957.888497,201,28876.497355
424.827966,98,28877.638457
328.605011,79,28882.778785
563.298755,127,28883.955227
790.596001,190,28886.193429
1732.200282,354,28890.158863
957.617842,203,28892.448518
1030.035288,219,28899.444111
632.779677,135,28901.161227
123.931405,28,28901.710434
4277.834604,897,28915.680582
562.573844,117,28916.821521
136.909232,31,28917.344694
341.470827,67,28917.931747
279.988661,64,28918.513367
548.182524,131,28920.200601
134.561465,33,28920.763108
548.586713,110,28921.935715
202.14573,46,28922.495077
230.185844,53,28923.075305
436.089661,98,28924.178017
677.68556,142,28929.668183
395.92235,86,28930.776737
1354.77358,286,28934.258693
878.12854,182,28936.488312
566.440972,136,28937.722286
337.46083,74,28938.848128
850.869386,192,28944.979645
638.588923,135,28946.141147
738.337336,160,28948.381638
1402.952827,276,28951.284036
1626.228406,358,28955.324248
965.675781,195,28962.10312
607.338408,124,28963.825892
876.810308,181,28965.73411
567.444836,129,28967.432532
603.077083,126,28968.589182
254.118707,60,28969.15884
862.698826,181,28971.314525
524.748221,121,28976.798413
423.139414,86,28977.388128
1216.430247,259,28980.107936
384.997691,88,28981.158465
721.06176,144,28982.78865
414.828336,79,28983.821927
284.233596,60,28984.37554
619.160855,149,28985.990696
265.397825,63,28986.534983
398.456614,94,28991.438312
832.775531,174,28993.09328
660.842788,141,28994.711164
3124.420957,645,29006.233449
988.373666,192,29008.359274
3080.432726,640,29015.344673
425.592889,95,29016.424237
2243.602258,466,29025.603856
645.467629,132,29027.168588
1537.929196,316,29030.417281
443.592118,95,29031.475023
545.378337,113,29036.137924
469.190873,101,29037.216174
503.037804,130,29038.796077
393.461712,83,29039.392621
500.951105,102,29040.493224
686.208583,147,29042.095407
1090.28416,244,29044.787814
307.223268,74,29045.809656
652.829282,135,29050.702488
434.857981,104,29052.23017
1171.008173,250,29055.048233
1042.386219,230,29057.344823
829.387671,173,29059.626242
243.758587,54,29060.228049
665.590416,138,29065.570166
1154.510112,245,29068.393664
521.453451,107,29069.521917
404.669382,82,29070.610368
405.326998,93,29071.738132
460.648876,95,29072.904774
580.208344,128,29074.051312
588.22646,118,29075.620738
923.500753,209,29081.128989
507.338914,112,29082.273145
2884.386603,594,29088.932356
485.434231,103,29089.998128
947.095895,206,29095.733189
538.511441,109,29096.917621
464.471459,98,29098.072416
980.853088,206,29100.754369
695.637907,152,29102.459463
950.441075,213,29104.627733
376.445532,82,29105.212337
656.383169,140,29110.513113
502.997964,120,29112.053447
598.671143,132,29113.168242
330.007023,70,29114.182605
686.027878,143,29115.762181
723.989997,160,29117.39592
553.246531,117,29118.488402
549.917948,114,29119.581275
909.339581,209,29126.044116
397.766045,85,29126.643528
691.245771,156,29128.256172
2210.501259,470,29133.576637
713.861396,141,29139.491637
760.488123,164,29141.105414
1843.59102,406,29145.441489
970.488352,210,29147.587198
462.93769,101,29148.64915
716.546471,160,29154.626194
486.562247,108,29156.150723
2095.577985,455,29160.981977
1615.797506,357,29169.346414
1168.167918,247,29172.0244
1484.388469,304,29175.230391
2055.406558,407,29179.579012
506.184726,107,29185.525296
979.130373,226,29188.36558
1327.795235,294,29191.743737
1382.420223,306,29195.307578
703.323153,163,29201.876877
1044.124673,231,29204.628963
2401.935195,507,29210.144529
967.389432,209,29217.239846
2312.091911,486,29222.80156
2134.305826,438,29227.227715
713.048539,161,29233.936456
2140.393674,460,29238.980676
682.118018,165,29240.633859
573.195645,132,29242.229216
1568.844031,318,29249.805513
883.113776,195,29252.165739
447.649846,86,29253.318766
410.201964,84,29253.937467
2931.442866,626,29265.412531
1543.032968,327,29268.662084
551.110637,122,29270.306145
1861.352512,375,29274.246048
593.184486,123,29280.270124
1351.307312,282,29283.037972
418.867098,89,29284.091577
1395.56114,292,29287.448397
2762.988674,589,29299.051694
3224.598512,677,29310.655475
2397.166996,515,29317.076174
570.168129,133,29318.325271
2931.498346,612,29331.094357
1280.208038,271,29333.98313
448.051352,99,29335.078957
795.170593,174,29336.735142
487.545295,110,29338.273358
539.285699,122,29344.42129
597.133823,135,29346.013134
627.086866,137,29347.596784
612.499781,138,29348.731989
763.775361,163,29350.850048
681.495226,157,29352.565799
2278.13163,490,29364.614302
1547.783239,329,29368.248629
1046.215407,237,29371.161373
442.238878,92,29372.354676
660.050582,140,29377.747606
657.959649,147,29379.421186
1999.44521,428,29384.334027
738.704424,168,29386.060714
877.704164,185,29392.386184
278.816856,70,29392.97801
1339.362941,294,29396.294742
870.316584,183,29398.430773
531.896734,113,29399.524709
1010.314127,206,29401.69203
1700.169071,345,29410.165778
386.617359,81,29411.278858
540.771692,128,29412.521097
366.148484,90,29413.614374
383.670269,79,29414.672081
802.254701,174,29416.344635
763.066438,161,29418.453137
791.711883,188,29423.849658
736.897346,153,29425.464271
1052.17492,227,29428.106087
469.377257,97,29429.169931
662.704111,151,29430.775866
1510.985655,332,29437.904237
584.984635,132,29439.483115
2494.092352,520,29445.352975
1515.13693,334,29452.340363
897.97252,191,29454.484117
455.65256,86,29455.54047
727.815401,153,29457.151524
520.923347,119,29458.27016
2403.769211,519,29468.114923
529.701985,114,29469.214514
781.13189,173,29470.856211
437.832804,107,29471.930354
632.578624,130,29473.491936
782.132462,179,29475.603422
415.767177,96,29476.661387
1163.384899,244,29483.772384
908.062523,196,29485.943418
738.083795,164,29488.018781
717.578138,163,29489.643423
975.665543,220,29491.818952
807.862345,173,29498.77107
1945.099889,397,29503.312722
765.654326,157,29504.933119
653.163099,137,29506.550755
742.731026,156,29508.205568
203.277499,45,29512.98145
578.081523,120,29514.139904
757.437027,167,29515.78197
988.208941,203,29518.049793
1013.29599,225,29520.801617
1023.907009,218,29523.077796
473.31762,95,29528.78056
374.688324,89,29529.87048
414.857981,101,29530.963884
693.626319,156,29532.698196
755.074384,163,29534.40284
563.90477,126,29535.992705
373.104499,86,29537.046036
1392.583212,300,29544.567132
1207.909624,261,29547.307975
297.059345,69,29547.879391
245.730598,55,29548.423092
739.609419,160,29550.10803
297.759274,70,29551.18768
1653.60924,326,29554.603325
1115.618662,221,29561.997362
664.695029,150,29563.630387
208.753359,48,29564.191185
497.85376,115,29565.368116
1803.103332,372,29569.929632
954.852862,211,29576.537292
350.151161,74,29577.131285
1911.77877,392,29581.445652
408.222205,87,29582.505295
900.213658,190,29584.65111
559.529525,119,29585.770104
87.646888,19,29585.804036
80.517562,17,29589.694253
309.275865,66,29590.267962
329.227985,70,29590.853008
845.168449,183,29592.983007
390.196906,79,29594.029117
1524.331739,314,29597.470227
458.527551,96,29598.696163
1787.37717,368,29606.544702
611.957084,124,29608.217073
1472.332233,290,29611.078984
562.465922,115,29612.62713
447.965107,95,29613.68861
304.258201,72,29614.279534
1474.40593,275,29622.871596
242.848111,52,29623.434076
438.912418,103,29624.595807
308.1056,75,29625.201396
260.981879,61,29625.779191
1672.628761,357,29630.182062
1188.557723,262,29638.168576
436.126095,92,29639.272073
528.184281,103,29640.430092
2237.922112,463,29645.803857
151.596492,34,29646.330153
319.252786,75,29646.933294
491.56787,112,29648.057954
1238.795446,266,29655.190793
1290.693094,266,29657.995387
166.355726,36,29658.511088
742.481078,147,29660.145023
1589.190465,336,29663.442736
498.365503,104,29669.430079
1360.418362,289,29672.220935
309.556818,73,29673.246563
472.849846,96,29674.303226
503.623521,117,29675.411441
982.127923,213,29677.5881
1458.696658,324,29685.855992
1626.187571,359,29690.018557
279.50973,64,29690.652064
1810.163236,372,29699.22487
737.504835,165,29700.877409
3074.133409,628,29707.837149
594.064602,130,29709.003979
1486.482957,324,29717.748401
1075.57862,241,29719.990179
300.533885,69,29721.030807
143.219829,33,29721.082464
902.401406,206,29724.051348
419.939847,93,29724.718864
500.932619,122,29730.260453
721.167378,164,29731.894659
1125.299854,227,29734.57535
699.105598,133,29735.732127
811.120471,180,29737.920106
372.109738,85,29738.952944
1889.274958,416,29748.010656
712.783904,149,29749.706513
1130.881932,241,29752.564012
640.823732,133,29753.748089
525.919357,121,29755.459193
1550.726776,315,29763.720016
1427.308665,294,29766.944294
513.767456,113,29768.031663
348.227403,73,29769.100655
510.619415,111,29770.248717
421.55422,96,29771.311938
2149.600518,453,29780.335089
377.932059,88,29781.403336
372.799369,82,29781.990719
730.999457,146,29783.574641
2793.406584,604,29794.749836
1330.404688,281,29798.107411
3154.681137,673,29811.031646
1623.9861,346,29815.009484
1505.807941,323,29818.890799
426.010474,99,29819.984243
413.868385,87,29827.377353
2725.924491,579,29833.896918
1342.648009,299,29837.225041
1598.046195,338,29846.563739
1125.095136,248,29849.545259
643.761392,145,29851.244163
2071.471127,422,29860.354142
483.085824,108,29861.46885
857.386348,188,29863.633038
2852.40878,611,29870.184794
622.007159,140,29877.162699
1366.254402,294,29880.424
2321.63777,487,29885.77374
473.967444,108,29891.469921
623.368853,130,29892.585111
1196.377231,252,29895.711546
3249.496394,686,29908.965068
1641.576713,356,29912.806209
706.184258,162,29914.904139
1068.559598,230,29917.099972
3379.857032,721,29929.940895
1093.561837,242,29932.511971
492.886258,110,29934.160849
480.508846,112,29940.953102
1224.630036,260,29943.742351
177.03414,40,29944.282418
588.89273,131,29945.906281
1829.090877,387,29949.871163
1043.707305,219,29957.290797
402.263812,83,29957.885695
1096.100385,237,29960.587017
297.26326,65,29961.136904
2391.859533,492,29966.44735
1116.389874,242,29974.612994
1573.827058,324,29977.84876
3121.994503,679,29989.964895
790.360833,180,29992.048327
652.985597,151,29993.638342
2588.602484,543,30004.056828
842.700517,172,30005.701103
2820.772962,588,30012.165941
1998.35828,415,30021.055023
1813.489314,393,30025.337643
555.936292,116,30026.43103
1711.57681,359,30034.848258
2552.623941,537,30040.773035
1939.302992,410,30048.943003
2937.093113,622,30055.786872
1323.232073,269,30058.454371
1053.633907,229,30065.559208
2244.113029,481,30070.380369
736.815887,168,30072.4341
1840.559823,401,30081.203321
1847.037403,391,30085.420192
3164.670801,675,30097.724475
547.700863,115,30098.804443
1128.987529,249,30101.457021
1099.254511,240,30104.104885
1174.208425,260,30111.06616
540.721308,126,30112.615412
1729.459752,367,30116.487644
1375.700646,279,30119.746621
657.246697,132,30125.577077
801.851696,183,30127.778765
1005.230063,210,30130.079112
1778.802479,352,30133.907327
2021.596656,428,30142.712158
2260.000903,472,30147.813817
2534.648987,530,30159.170758
729.24581,155,30160.762516
507.68687,107,30161.839063
1260.531698,260,30164.507744
960.215759,201,30166.611165
1296.057195,280,30173.210147
360.375679,77,30174.301278
2075.296812,440,30178.793416
2196.129856,464,30189.177287
2002.756642,421,30193.645323
543.177124,114,30194.781795
3108.962807,651,30206.603965
878.765706,186,30208.686593
2780.429381,570,30219.327094
824.405873,172,30221.400189
1014.250949,219,30223.538378
1306.657748,280,30226.699575
873.533197,191,30233.803007
1040.710673,226,30236.02239
549.653505,124,30237.57493
1087.761546,239,30239.779459
431.653342,99,30240.832769
658.434626,151,30242.406457
1133.360562,251,30251.797121
825.738478,184,30253.914155
132.843347,27,30254.40274
488.962387,104,30255.472213
807.458159,170,30257.07631
1554.897189,327,30260.745434
512.955383,113,30265.909785
585.956114,128,30267.451387
380.254676,86,30268.031684
1939.850358,398,30272.295303
518.742129,118,30273.808248
2292.435786,474,30284.014717
1037.090187,220,30286.238469
203.188926,50,30286.77492
1526.010683,325,30290.56376
621.14224,131,30292.151092
1042.211447,223,30299.251671
3301.060106,698,30306.76428
1796.433161,385,30315.288949
1353.026268,294,30318.662396
4680.022533,1000,30333.339817
536.09632,119,30334.496009
1278.896868,275,30337.351036
2222.896018,466,30347.239882
537.406926,127,30348.333913
663.883147,154,30349.934519
371.353796,80,30350.960733
958.903494,209,30353.13609
663.080784,148,30359.265543
868.692192,195,30361.490164
1604.195266,347,30365.510238
391.434273,80,30366.573214
464.589779,101,30367.705015
424.914325,99,30368.854422
918.925153,201,30375.256803
635.741702,142,30376.408607
1879.221403,407,30381.2007
625.00364,132,30382.317956
1055.274727,211,30389.611444
2181.371988,477,30395.108615
916.03747,208,30397.328301
1434.451727,321,30406.400779
1531.018668,304,30409.591119
519.789129,119,30410.676183
2139.678028,452,30415.576122
1607.540437,320,30423.753771
381.883606,84,30424.787056
1356.284584,301,30428.00247
547.89472,117,30429.57129
2131.506461,457,30440.52343
1102.664067,239,30442.748029
1917.338331,420,30447.514537
592.914192,135,30453.580639
1207.387991,268,30456.297714
1025.626652,227,30458.547408
3211.950624,676,30470.531876
710.673954,159,30472.207807
1181.756525,261,30475.099946
300.603307,71,30476.153042
1383.320455,304,30479.591315
1397.787274,295,30487.739936
405.451487,93,30488.873081
509.612998,107,30490.140953
372.33278,77,30490.757003
787.089843,172,30493.135332
824.939471,178,30494.903648
839.14248,187,30501.58059
1521.366158,333,30505.630415
439.463897,92,30506.775949
1379.555181,296,30509.812567
2841.566125,596,30522.630535
1687.165095,364,30527.0342
1357.337101,288,30534.81558
2281.702336,497,30540.324935
538.669552,122,30541.876148
841.697927,188,30544.006786
1941.10928,431,30553.186136
1027.052247,222,30555.979387
1106.579514,241,30558.329537
1168.838609,262,30566.200095
1160.237968,251,30568.891215
2101.922851,440,30573.23847
689.188374,149,30574.836602
1054.333648,220,30582.201406
851.749331,183,30584.305979
1107.44255,244,30586.572876
1345.685787,276,30589.850969
754.185269,167,30591.659829
359.38307,74,30597.953348
408.691237,88,30599.000741
4016.67823,856,30608.309303
832.747544,194,30614.971427
979.115795,203,30617.12302
1620.132886,352,30620.876465
562.758336,116,30621.974454
3382.40098,718,30636.209552
902.176353,200,30638.387466
1429.168635,303,30646.054002
2114.739804,444,30650.859443
1702.719004,363,30654.735095
446.871662,103,30656.256128
3292.646146,710,30669.052586
940.375861,196,30671.371853
989.340954,207,30678.366615
1131.35067,241,30681.091685
2670.60913,559,30687.40816
494.482734,110,30688.62869
1126.897437,241,30695.893969
730.057913,162,30697.611797
573.412346,133,30699.295998
468.805343,108,30700.386256
877.142413,195,30702.516001
1016.78345,220,30709.738827
1562.719862,340,30713.517015
833.753714,173,30715.177221
547.869165,121,30716.8513
740.629601,164,30718.61811
1395.152389,303,30726.720922
765.335403,168,30728.777225
593.205383,134,30729.911791
517.124725,116,30731.422074
2453.390806,514,30740.551572
556.056538,121,30741.64062
886.509577,195,30743.768332
751.931041,169,30745.835232
924.347687,195,30747.491107
500.048921,114,30749.010911
1320.457611,282,30755.734967
526.428158,120,30757.252533
619.954861,140,30758.808265
583.796649,127,30759.916007
489.145945,110,30760.975064
421.085687,99,30762.018839
2802.666883,594,30773.53828
527.671409,117,30775.067472
376.565867,87,30775.657868
365.667692,79,30776.674006
1288.212764,281,30779.393637
269.571852,59,30780.375015
348.793729,82,30785.685282
787.618684,177,30787.76147
702.927474,153,30789.370417
2841.411652,591,30795.725351
332.581291,72,30800.413787
2693.406952,586,30806.727668
83.69992,19,30806.758895
440.057849,100,30807.802567
1365.350425,295,30814.765782
1766.495781,372,30818.94789
114.343381,23,30818.98496
100.87581,21,30819.021596
117.965838,24,30819.503131
807.920219,185,30821.581923
756.549132,157,30823.19375
1236.739939,251,30829.430091
857.523489,190,30831.665329
1478.487208,311,30835.023267
708.544219,153,30836.628434
479.126547,100,30837.697679
1539.185271,324,30845.056038
583.669481,118,30846.642258
479.648745,107,30847.771784
959.768224,207,30849.89434
656.70225,144,30851.461359
3104.297298,647,30864.399632
408.818041,93,30865.441051
1157.5911,252,30868.0891
305.807274,68,30868.642159
928.254694,185,30870.728808
1127.795031,232,30878.256203
691.586022,163,30880.341163
1354.718415,294,30883.589627
861.632079,185,30885.244252
587.407561,138,30886.82943
3682.644004,790,30900.212143
2630.001902,531,30910.657236
2362.803302,504,30916.502956
2988.273753,642,30928.560057
3086.693703,642,30940.187982
881.079364,202,30942.319344
810.660419,185,30944.437823
676.846412,154,30946.102572
1019.653782,229,30948.931966
1062.917934,211,30956.656686
1790.742935,391,30960.944326
2416.888879,522,30966.563473
560.289926,126,30972.997776
1204.350515,238,30975.223986
988.846773,214,30977.863469
658.263977,121,30978.992973
666.104195,134,30980.581739
777.800102,157,30982.217147
535.445354,111,30987.715011
776.836,165,30989.458319
3512.500631,750,30998.10197
739.295042,160,31004.470673
954.325224,210,31006.638329
1012.308368,214,31008.848534
1852.717214,404,31013.611179
2982.329123,637,31025.343587
1692.188557,357,31029.085839
698.333681,140,31036.123816
1664.333175,356,31039.960283
684.284508,155,31041.659981
1119.431526,230,31044.322467
1790.805304,390,31052.983209
1646.427858,360,31057.470938
710.209496,156,31059.143397
514.348133,109,31060.255317
1038.327293,230,31069.702159
4148.110997,887,31079.30971
370.411179,84,31086.386039
828.961048,182,31088.491336
401.799474,91,31089.086788
542.205783,115,31090.605795
1982.707818,414,31094.887159
572.620306,133,31100.620215
977.282802,219,31102.811268
655.831832,146,31104.396901
1801.957612,385,31108.589869
1595.800808,340,31116.557671
1506.019719,333,31120.248352
771.994702,163,31121.851389
692.323,154,31123.444812
778.727109,175,31125.528339
109.140942,23,31125.566196
102.472938,22,31126.045236
925.989422,200,31133.833677
909.340743,199,31135.934953
2370.216293,504,31141.252309
1007.909724,215,31149.044982
1086.489125,232,31151.661222
423.955588,87,31152.684627
1968.883928,415,31156.957956
1905.528422,403,31166.918947
616.728973,127,31168.470323
425.592075,85,31169.050007
442.248031,91,31170.083949
1677.465759,359,31173.821984
3330.792099,718,31188.068687
636.274883,132,31189.276837
261.249479,56,31189.817082
811.638963,174,31191.893792
1856.319053,401,31200.118762
1246.515743,259,31202.764022
943.600044,204,31204.898216
779.378111,162,31206.512043
784.700621,161,31212.466368
1183.994792,259,31215.286504
412.44455,90,31216.439769
195.191186,42,31216.522047
264.096271,57,31217.596914
1731.166213,382,31221.433794
317.119734,70,31226.490335
694.261556,161,31228.08918
1845.544893,389,31232.585835
1192.696573,261,31235.308854
741.647673,163,31241.258418
402.545675,85,31242.299813
830.290308,165,31243.92398
844.030372,189,31246.027441
713.485561,154,31247.605786
636.835216,138,31249.167148
421.923397,96,31250.210243
2282.700119,480,31258.911766
335.357715,78,31259.935234
445.156155,86,31260.56124
3643.502198,762,31274.231461
1812.373998,403,31278.572617
924.505104,193,31280.708124
1367.058028,311,31289.052659
1715.296775,372,31292.964561
406.609158,100,31294.04197
385.520892,97,31295.110089
899.611248,195,31297.24322
696.106711,164,31303.112707
340.782999,79,31304.146808
555.808047,126,31305.331971
370.418496,92,31306.456182
1021.422976,235,31309.265545
1754.842578,378,31318.356138
468.987535,102,31319.427
621.152227,132,31320.534857
1475.253289,295,31323.771971
514.839305,107,31324.854063
537.583468,126,31326.413924
707.457909,161,31328.048556
3142.921481,677,31339.98083
874.06291,181,31341.625075
880.701038,199,31343.790164
321.145649,63,31348.383063
681.443585,148,31349.982533
787.19807,145,31351.556274
680.611492,149,31353.177609
431.161565,107,31354.282351
366.970011,84,31355.37972
583.866084,120,31356.976084
415.756015,86,31357.570111
1416.581435,295,31365.320358
454.594846,104,31366.534319
414.23578,99,31367.687596
2609.659853,551,31374.29951
586.006782,132,31380.312352
1816.998132,379,31384.696058
1936.689176,419,31390.037512
538.715586,122,31391.286223
311.434321,74,31396.080375
2139.373476,465,31401.295242
718.715262,153,31403.100321
625.988014,149,31404.73489
1341.779874,276,31411.87514
1033.143288,203,31414.068228
783.207246,172,31415.725223
364.719291,86,31416.77078
379.361767,94,31417.836676
357.434345,83,31418.432088
394.434952,95,31419.497682
509.017778,124,31421.064767
768.04935,172,31426.305898
232.948341,49,31426.835974
398.439718,99,31427.981707
489.646013,97,31429.121089
813.765083,191,31431.36056
220.398454,51,31431.934914
351.08281,86,31433.052903
308.009568,74,31433.675242
443.560279,106,31434.841433
504.133985,119,31440.474627
412.54915,100,31441.541344
503.011066,101,31442.615714
463.376103,94,31443.686394
625.530825,131,31444.813237
3214.765336,682,31456.41646
770.875231,169,31458.071115
327.724708,68,31459.10118
674.714196,154,31460.713834
1403.681057,284,31463.490328
1511.324197,305,31471.157706
501.245986,113,31472.701073
471.990404,111,31473.787113
343.602211,77,31474.363162
564.808125,125,31475.925312
1272.918465,271,31478.656878
1482.643081,344,31486.437799
698.832239,163,31488.231063
636.681251,146,31489.973455
590.396322,136,31491.628014
1152.96898,232,31494.658835
2075.582271,434,31502.84997
276.016298,65,31503.982034
505.245616,117,31505.184708
374.077337,90,31506.312107
381.675087,90,31507.426123
442.617086,99,31508.575768
517.977491,123,31509.794718
826.893568,195,31516.120119
385.462995,89,31517.236457
363.671548,84,31517.854222
595.903687,140,31519.450238
577.172302,135,31521.032586
2964.230008,629,31532.130281
449.838251,99,31533.195327
1639.140978,357,31536.976587
268.785106,62,31537.511638
635.196823,132,31539.124236
898.158932,188,31540.824197
204.690367,49,31541.34328
467.058192,109,31547.821058
915.675748,182,31549.922658
1020.528351,216,31552.09925
740.549577,149,31553.769807
322.248921,77,31554.828844
2803.63433,598,31566.016915
446.456124,103,31567.074861
1361.720243,277,31569.734735
301.221256,70,31570.722533
310.665323,72,31571.278215
418.384111,92,31572.312238
1967.379617,410,31581.194442
261.859105,59,31582.1698
683.547478,160,31583.777452
1588.949983,351,31587.566958
495.830451,99,31593.283273
584.237377,121,31594.452942
626.604179,142,31596.138216
378.013085,89,31597.221694
1115.792384,234,31599.428667
628.46554,133,31601.004781
344.736283,83,31602.058145
577.370479,129,31603.264793
1645.555274,362,31611.636213
1415.653195,289,31614.481846
383.26175,88,31615.542125
527.979979,119,31617.188504
616.373154,138,31618.43308
610.036599,141,31624.434606
740.959319,157,31626.132694
486.308206,114,31627.748008
841.068066,189,31629.589229
166.474818,40,31630.139441
1080.089626,232,31632.875959
2136.593476,475,31642.347965
484.79722,107,31643.50263
1539.631735,305,31647.012134
438.905664,102,31648.676245
513.939333,129,31649.918686
391.174298,93,31655.214103
945.437111,201,31657.410084
353.495996,85,31658.470324
341.231702,79,31659.079867
301.831713,72,31660.146231
701.772952,147,31661.850116
396.619663,93,31663.009032
495.018086,119,31664.317909
500.954673,110,31665.494072
722.963035,160,31672.831713
936.633521,197,31675.124565
586.778702,131,31676.851737
1547.263426,322,31680.391733
951.903903,206,31682.778303
739.248725,157,31688.990064
1350.55743,278,31691.848374
1232.438938,266,31694.693348
724.897944,169,31696.922438
911.665412,200,31703.241821
565.772315,122,31704.393238
2507.437679,543,31710.591612
599.039378,122,31712.182695
431.905496,99,31713.298457
905.326391,204,31719.849352
527.842267,112,31720.949234
348.739112,82,31721.550178
1104.590788,232,31724.281025
237.332321,58,31724.862134
192.047742,46,31725.412726
295.239463,73,31726.607673
690.733724,157,31728.376031
525.653013,114,31729.54019
395.426838,93,31735.212114
373.780041,85,31736.263518
641.729592,149,31737.87908
2033.046878,420,31742.256026
374.728464,88,31743.342405
257.687896,60,31743.923841
289.658846,67,31744.514761
315.402392,73,31749.477451
307.288464,72,31750.052816
296.696478,71,31751.092836
240.538111,56,31751.652049
232.34894,56,31752.197461
348.522524,84,31753.260455
325.737412,76,31753.862098
243.456677,59,31754.426222
346.279832,86,31755.499394
569.744747,134,31757.10481
1421.250026,288,31759.935337
349.015842,84,31765.478148
223.450312,48,31766.037045
243.289446,58,31766.601383
857.78264,191,31768.923215
473.642892,110,31770.085195
306.724671,75,31771.212299
1117.357339,260,31774.139162
535.426521,128,31775.820994
411.23174,83,31780.585054
511.227285,124,31782.270722
893.05023,188,31784.112706
1215.248938,247,31786.870763
824.206006,177,31789.009808
563.547823,134,31790.587883
371.156508,82,31791.177814
299.859704,70,31795.927942
459.083275,109,31797.055167
404.877276,99,31798.176789
482.024732,119,31799.332609
401.053143,95,31800.463018
352.983645,86,31801.59152
428.691169,103,31802.72642
334.407859,78,31803.342289
716.054824,167,31805.538215
401.050078,85,31806.142044
851.155864,188,31812.301006
400.840484,97,31813.518826
687.826337,149,31815.254119
1820.738746,369,31819.210168
1794.43561,371,31827.971771
389.006941,93,31829.080168
1135.362357,241,31831.994718
434.304114,94,31832.673466
628.953296,138,31834.372415
2308.087052,488,31845.388412
506.187301,106,31846.536913
642.003303,133,31848.188096
392.836237,87,31849.244015
675.104824,144,31850.394247
1537.426533,315,31858.101753
1293.273495,262,31860.799234
867.93323,202,31862.941132
1286.397527,270,31865.664849
484.929092,115,31867.323598
1518.049492,322,31874.880568
459.524881,108,31876.000737
851.796504,204,31878.239279
578.593512,135,31879.867824
394.396271,90,31880.939196
257.335807,58,31881.521771
530.781066,116,31882.620436
370.835396,86,31883.661115
455.303947,96,31889.342529
865.452046,187,31891.429569
669.864746,143,31893.127601
613.214081,143,31894.356425
533.765602,133,31896.031074
1153.24229,258,31898.816141
865.131002,194,31905.622218
715.197017,152,31907.519811
480.434551,111,31908.644697
805.256899,170,31910.708854
850.366504,185,31912.352129
569.975907,130,31913.967109
574.201401,127,31920.51244
532.802763,111,31921.6921
1022.101895,223,31923.850194
320.189474,67,31924.855735
375.160545,78,31925.425267
608.800012,137,31926.993695
573.545349,139,31928.558117
562.873407,112,31929.630147
820.576102,189,31935.80907
1753.47952,382,31939.939849
1159.567396,251,31942.891428
1235.201062,279,31946.464619
670.252698,150,31952.581322
588.379747,138,31954.189663
473.88457,106,31955.31904
723.105986,155,31956.957162
509.232519,118,31958.061789
278.235,62,31959.075131
747.640421,179,31960.761205
779.892359,178,31966.979958
1170.315582,251,31969.683525
1003.001041,207,31971.940336
351.876114,80,31972.508978
945.299228,210,31975.082289
1712.886525,377,31984.747695
315.363409,70,31985.751709
423.146291,95,31986.791248
1619.216512,346,31990.046593
1140.580334,232,31992.75355
503.754662,114,31997.902576
457.766199,108,31999.481034
1041.925969,222,32001.879514
386.085378,98,32003.020576
2436.105421,518,32009.074738
1978.296123,432,32018.681551
1234.587189,280,32022.037254
514.311025,107,32023.26324
607.541548,137,32024.495538
1150.286805,250,32032.995456
698.592006,147,32034.773906
307.330101,68,32035.935994
1373.145239,301,32039.438591
571.051625,128,32040.623293
619.938467,129,32042.301672
866.724003,188,32048.591224
463.751736,99,32049.709138
773.883772,160,32051.436243
333.729281,72,32052.03094
435.416795,85,32053.117857
2469.898582,537,32063.734434
1591.295572,348,32067.707685
505.85243,107,32068.839008
4563.175471,970,32084.289277
490.681952,119,32086.011569
797.408865,188,32087.838816
1068.912326,237,32095.357938
956.020749,211,32097.650247
1217.805276,263,32100.988014
1467.385765,308,32104.573428
952.532641,207,32111.95107
1090.439074,247,32114.644927
2058.893655,446,32119.592423
818.031244,173,32121.389841
821.069346,187,32129.266291
501.204787,112,32130.434572
1853.205958,407,32135.239401
1980.266952,424,32144.435102
1763.303634,357,32148.467356
1189.119479,255,32151.328932
694.256741,157,32152.953947
1101.501436,234,32161.677567
745.229547,158,32163.346257
925.337249,198,32165.569751
817.415659,173,32167.284516
1027.397682,219,32170.046427
1264.692361,282,32176.849234
1171.89398,245,32179.626349
3536.660659,761,32193.621754
2585.142423,558,32199.835852
1717.486331,366,32209.696881
1167.373081,256,32212.45475
1115.112124,236,32215.110664
1446.18532,303,32218.532274
1510.777474,313,32227.791468
1174.461554,249,32230.502552
1905.421477,395,32235.10217
692.936754,158,32236.828638
1302.494766,290,32244.43588
1849.822441,390,32249.03387
641.416486,144,32250.803293
4741.673346,1000,32267.902095
2137.794956,461,32277.537922
657.879586,144,32279.289133
282.321317,60,32279.884085
759.641162,162,32281.529958
1574.414285,326,32285.353181
511.004167,108,32291.174912
95.884136,21,32291.221872
963.743165,209,32293.791569
713.707193,150,32295.37567
2311.638055,485,32300.29095
871.757538,199,32307.979797
741.91489,164,32309.657472
1520.213232,327,32313.326291
1118.538284,252,32315.979184
1125.189253,240,32323.309136
2428.714569,515,32328.841889
2450.082276,528,32339.671788
780.605062,156,32341.304835
1137.79112,245,32343.971079
1531.835683,328,32347.442848
786.590111,176,32354.591117
991.139701,220,32356.869055
2058.496106,431,32362.066502
797.80404,170,32363.812658
471.225776,101,32364.944407
919.567761,190,32374.338401
1097.468253,243,32377.162959
1435.267244,316,32380.731068
675.366808,150,32382.498185
934.046,203,32390.716628
1945.296753,439,32395.733679
452.889994,99,32396.805854
1517.810085,333,32400.703872
988.22149,189,32409.436173
308.523212,61,32410.650205
301.006412,66,32411.315945
1462.747022,319,32414.785917
913.058513,184,32416.971534
440.01009,95,32418.062068
1818.471984,386,32429.546767
1127.161196,216,32431.748827
344.412014,70,32432.323566
136.501347,29,32432.841551
266.659504,59,32433.400337
703.817872,146,32435.059968
524.229615,113,32436.188751
1276.048588,263,32443.538886
1761.351787,382,32447.6087
546.795414,124,32449.218788
2424.790756,497,32459.218177
512.020143,116,32460.354049
1786.248435,377,32464.809464
347.281723,67,32465.366505
460.793374,93,32466.454895
751.363363,154,32468.119755
692.950167,139,32473.970935
2494.269264,519,32479.667643
582.393664,136,32481.373696
602.96462,121,32482.543696
498.749055,102,32483.691783
1882.462626,385,32491.72998
4214.918462,888,32506.598165
1010.25761,217,32508.876102
344.38079,75,32509.472027
455.609007,102,32511.038268
509.180025,103,32512.142803
311.569778,58,32512.70665
320.342032,59,32513.272307
1791.57423,379,32521.636284
557.504046,125,32523.310519
547.576563,112,32524.453952
732.78,146,32526.129376
1098.247366,223,32528.843339
941.458836,196,32535.43388
1092.820782,221,32537.669456
832.176816,191,32539.856852
736.514747,163,32541.523162
1123.83764,219,32543.75912
1865.3758,405,32555.794133
2047.480027,432,32560.260558
262.421186,53,32560.834538
1075.573629,223,32563.632681
462.956103,102,32569.922232
821.178539,176,32571.659402
1605.093241,339,32575.693424
637.426562,149,32577.560169
722.12084,159,32579.408014
637.018553,139,32581.033695
564.988167,125,32588.524656
728.177447,164,32590.920779
552.135543,122,32592.155349
713.816557,169,32594.419825
795.515776,169,32596.272604
627.373828,130,32597.990226
654.443405,138,32599.187412
356.715441,81,32604.856884
309.071728,73,32605.458379
612.703869,137,32607.120974
1453.86346,309,32610.543107
3243.364185,654,32624.935863
462.115275,99,32626.155088
654.13055,139,32628.034895
721.758315,161,32629.779757
885.192831,192,32631.969664
1824.20536,358,32642.321283
1458.515107,320,32646.471861
1013.159112,189,32648.694362
2589.11665,562,32659.790986
426.447925,94,32660.852238
1422.305731,287,32663.604048
568.393587,117,32665.154287
845.80882,167,32666.811362
679.969772,144,32673.526192
1256.98905,269,32676.691267
943.016639,199,32678.953052
1856.476377,383,32683.225876
1370.311621,300,32692.389368
549.415976,111,32693.466407
1268.822178,275,32696.773932
1419.819506,300,32700.216647
644.549577,143,32705.834993
2344.356575,495,32710.985537
431.348993,99,32712.11719
894.989712,194,32714.323762
539.146535,119,32715.903953
1273.588048,260,32724.117034
484.64235,110,32725.191288
1520.74227,320,32728.454185
1428.452072,306,32732.126122
734.025035,156,32737.807666
1297.108949,274,32740.53965
479.995,105,32741.61227
479.367319,103,32742.689239
1253.131864,274,32745.854232
490.332661,110,32746.937663
403.94129,89,32752.209646
612.188954,128,32753.45626
704.462045,150,32755.285357
2209.224783,467,32760.999297
2249.223745,480,32771.014802
343.40981,83,32772.083687
1015.629706,228,32774.890105
1417.435489,301,32778.34229
665.776639,130,32785.480522
621.146918,142,32787.228153
555.90834,124,32788.438135
578.904583,117,32790.25956
1071.759506,245,32793.142656
890.53512,188,32794.892336
266.541937,55,32795.914926
1705.148628,361,32805.87934
1823.53248,372,32809.688065
1042.001572,231,32812.465139
1689.173674,354,32820.456126
1247.869488,259,32823.165869
1619.01007,338,32827.030993
1294.200517,271,32834.071734
636.341168,135,32835.677383
724.913508,147,32837.291764
479.095991,95,32838.353113
879.526154,197,32840.607683
1294.36324,262,32843.368886
758.907664,157,32848.8007
468.997795,102,32849.905578
1316.026623,279,32853.18712
1398.618995,296,32856.52066
511.924489,108,32857.674844
855.686101,185,32865.343454
906.058463,188,32867.141684
1710.676202,353,32871.186827
2097.151695,444,32881.045512
556.20789,117,32882.636748
328.184633,71,32883.211951
967.151783,202,32885.395192
534.91205,114,32886.613041
529.345148,104,32887.712409
1575.595202,322,32892.017344
778.030259,172,32898.130046
1928.601271,411,32903.19528
641.212581,136,32904.470234
427.756872,83,32905.590059
583.276117,121,32906.855397
929.937986,187,32913.70709
618.131296,130,32915.39238
643.446397,144,32917.032059
999.304377,202,32919.205714
502.039051,115,32920.308554
1216.560586,244,32923.423026
458.628308,110,32929.975614
741.637271,175,32931.64587
537.373086,118,32933.274086
127.881084,29,32933.324918
1040.286123,239,32936.068547
2539.681282,531,32947.541373
1284.263432,290,32950.838459
405.516187,92,32951.460171
1205.424751,266,32955.070357
3122.442094,639,32967.437244
156.387993,33,32967.493884
423.256208,102,32968.609336
444.953912,98,32969.725094
509.47709,110,32970.901815
1022.966628,218,32973.928673
199.972348,43,32979.00982
828.308966,178,32980.739992
736.266369,166,32982.867896
289.164099,65,32983.440122
375.657302,85,32984.519813
1389.249777,288,32987.398097
603.691127,121,32988.964269
505.272865,114,32994.79684
477.249461,114,32995.962819
3325.249215,702,33004.114658
601.418102,136,33005.737006
189.935,44,33010.383875
2905.282564,600,33016.880905
1857.955843,390,33027.06444
2823.419259,585,33033.148088
444.890292,91,33034.222432
1562.196863,331,33042.168873
369.752548,80,33042.770743
989.28115,197,33045.028004
1179.597738,248,33047.851928
958.744165,215,33050.607769
529.430931,123,33051.828704
1354.930553,287,33060.113632
494.541641,105,33061.259585
481.212822,110,33062.44546
1170.141015,255,33065.442399
491.608743,121,33067.195729
1124.199049,232,33069.609645
820.975588,179,33076.472695
903.998899,193,33078.75824
446.279226,93,33079.867256
2553.155861,534,33085.718669
589.498441,118,33091.912794
267.192264,67,33092.51141
446.47129,90,33093.630602
2622.158252,551,33099.973041
1146.414438,256,33107.450383
1366.4954,288,33110.807855
930.49339,207,33113.128547
552.77866,124,33114.288239
1205.705668,260,33117.294204
1167.049534,253,33125.599021
2150.368112,441,33130.053854
939.374092,219,33132.781331
1377.10173,297,33141.104873
1641.497141,349,33144.972408
534.914751,118,33146.694316
1292.244182,275,33149.928387
995.358859,209,33157.768325
1033.29738,228,33160.089919
1175.787955,264,33163.553629
545.241843,122,33164.73543
513.520591,114,33165.883105
247.592004,58,33166.455
672.798653,150,33173.759909
1237.549,255,33177.26106
1326.588666,286,33180.293118
3451.21798,718,33193.228291
4609.814108,1000,33209.090566
505.364127,113,33210.212591
1179.674642,264,33213.037441
3488.093484,728,33226.150403
1019.294221,228,33228.348452
384.792511,86,33229.412752
2244.913586,480,33239.822834
1267.436036,283,33242.670129
1473.089661,323,33246.505391
661.163122,142,33248.135258
1250.128499,275,33258.485826
926.405665,202,33260.85268
458.159746,106,33262.058236
852.241575,201,33264.388056
722.000622,151,33266.123565
2079.694851,447,33278.182989
1284.80353,277,33281.567333
856.94644,187,33283.336694
733.459238,168,33285.56741
2422.718707,529,33295.928544
1170.105652,259,33299.117877
736.592403,162,33300.749909
317.787028,72,33301.326918
697.968368,157,33308.992202
396.282363,89,33310.088139
449.260097,105,33311.216769
1799.347688,384,33315.696131
975.595868,222,33317.977814
1053.674961,237,33325.638801
519.329133,114,33326.735661
1390.287177,303,33330.003671
539.551735,127,33331.600426
1234.16264,284,33341.387804
2101.668405,459,33346.696765
2382.22403,511,33352.486639
1189.899779,270,33362.481581
2795.333136,594,33369.026454
736.182596,161,33376.835228
1710.154193,357,33381.051286
408.377782,91,33382.191598
742.230045,168,33384.008261
373.3266,81,33385.268059
710.378047,168,33387.079401
1113.035133,237,33395.342175
502.074776,118,33396.479658
1109.682687,247,33399.257813
597.226272,136,33401.083973
2495.547912,520,33411.916902
951.838642,209,33414.240578
997.517708,220,33417.113578
717.814991,161,33418.832841
2560.48005,546,33433.801449
459.440913,94,33434.930138
526.239314,126,33436.131939
103.667933,22,33436.667296
559.028824,124,33437.87353
403.417725,93,33439.024229
690.479622,156,33440.77116
413.816507,99,33441.865338
378.348217,84,33447.422021
1115.550205,237,33449.670307
533.4916,114,33451.249978
1540.822918,323,33454.590646
1950.482873,425,33464.121997
1259.832687,275,33466.910386
2021.081538,428,33471.774411
2234.248991,475,33481.852756
331.523686,69,33482.891568
176.825941,37,33482.971804
609.557467,136,33484.64075
4851.442003,1000,33500.63519
3084.594903,654,33511.916746
1777.037646,381,33516.382049
905.354895,200,33518.64105
1145.85082,245,33525.781734
1308.435947,288,33528.706424
208.315961,51,33529.796091
161.265836,34,33529.869029
2548.210914,541,33536.281416
1850.815106,398,33547.262794
751.154897,153,33549.105397
456.350936,101,33550.354869
540.136451,117,33551.591872
1359.794088,314,33561.669714
2583.289402,552,33568.624619
1987.235916,430,33579.278188
865.682379,192,33581.556117
4747.991028,1000,33597.75327
710.665004,157,33599.379829
488.122302,117,33600.921641
1683.439762,359,33604.722659
1402.720451,297,33613.412229
1049.385556,236,33615.620696
439.836992,92,33616.678015
1858.55958,393,33621.049975
441.400869,90,33622.096262
529.499528,120,33627.843826
1325.063592,280,33631.054253
819.955837,182,33633.158879
1687.851157,357,33636.961895
449.995284,96,33643.390869
1287.462737,281,33646.202133
938.106759,202,33648.549334
1648.196438,353,33652.424846
2982.400998,629,33667.597391
258.71708,58,33668.182782
168.211637,40,33668.748726
575.40988,121,33669.894428
146.364016,33,33670.416105
1731.359885,373,33679.184047
160.838994,39,33679.723948
1094.325037,236,33682.677729
276.816227,59,33683.308292
563.496629,122,33685.146007
2945.375791,626,33696.785995
918.865182,201,33699.067377
213.915227,46,33699.617855
325.709921,73,33700.708671
535.808948,111,33701.863248
878.798278,196,33704.164514
354.889799,82,33704.80102
850.20576,188,33711.937188
962.853604,215,33714.258112
345.232198,69,33715.306
824.57452,184,33717.020765
451.796265,104,33718.15269
851.043799,188,33720.376394
777.34428,173,33727.205689
1804.866586,395,33731.646661
2162.834968,468,33736.736163
1432.639209,295,33746.711581
1506.843775,313,33750.287045
1810.347275,374,33755.006774
977.230088,212,33761.948373
1220.815337,246,33764.81905
1616.341474,346,33768.69279
1301.944967,278,33771.556227
1972.585067,425,33781.44884
876.184462,189,33783.731256
875.087545,181,33785.449392
365.108456,73,33786.509569
512.40634,100,33787.624459
1356.384474,276,33795.675769
3097.32696,645,33802.881914
586.835615,133,33804.603013
924.356626,198,33811.640247
393.60876,83,33812.262113
1066.634035,223,33815.127031
2084.702302,436,33819.899793
2053.425933,424,33830.253261
2204.101526,473,33835.402045
520.967918,110,33837.001381
604.553937,126,33842.941206
1884.653542,408,33847.354023
1097.438301,238,33850.050047
822.580328,183,33852.19153
649.196638,142,33859.008754
845.668509,195,33860.76283
1646.277565,359,33865.102969
1511.184999,343,33869.060501
469.265458,104,33875.27714
625.915859,140,33876.492896
1802.854417,389,33881.012848
2138.341615,453,33886.261729
3248.489429,681,33898.66124
2313.790346,491,33910.283889
2529.907392,538,33915.979738
668.22941,137,33917.713818
1080.421362,223,33926.094285
1344.74169,278,33928.883012
1850.698701,394,33933.371141
1304.077593,270,33936.099937
634.87365,139,33942.522733
1474.047479,304,33945.793878
2634.463784,541,33951.867762
746.637663,160,33958.876211
450.863881,97,33960.062398
1216.076601,239,33962.967702
1013.450326,223,33965.851119
719.591121,166,33967.725563
2020.852585,421,33979.644417
839.022838,173,33981.995275
806.31409,166,33983.84695
865.791561,187,33986.243162
1029.018702,195,33992.986192
473.268141,100,33994.114402
483.047926,112,33995.245391
744.15573,164,33996.958092
680.41871,146,33998.630969
391.525448,84,33999.755728
3659.668251,757,34013.237298
2107.553982,425,34017.82081
548.004557,108,34019.378989
710.61212,152,34025.401382
812.689847,166,34027.120363
529.811376,114,34028.316119
290.83433,73,34029.43234
125.914053,28,34029.478144
2392.573361,504,34035.087125
3373.516458,734,34049.092031
1083.764286,203,34051.305969
240.386423,54,34051.925663
438.835581,94,34058.89082
706.571208,160,34060.614928
550.96189,121,34062.237826
1436.775553,310,34065.643183
564.143082,120,34066.76697
1322.523434,282,34074.463995
1897.61708,416,34079.050413
396.460627,91,34080.168434
1492.906802,321,34083.66356
3190.300979,676,34096.289063
675.396953,141,34098.085309
3991.177992,838,34113.116831
445.049863,91,34113.80233
319.135646,78,34114.928705
820.177609,182,34117.107187
4558.86234,995,34134.257834
226.139336,52,34135.286951
147.45489,33,34135.345955
157.239274,36,34135.858686
269.91911,58,34141.496452
524.486034,115,34142.6462
327.738373,69,34143.708129
761.119864,160,34145.463583
487.9337,102,34146.631893
1113.45468,251,34149.496479
2447.436851,514,34159.452026
709.33684,146,34161.13405
698.543245,141,34162.80234
1288.98716,262,34165.638977
1488.711287,313,34173.408572
433.092267,103,34174.52919
701.340181,143,34175.775704
820.546237,171,34178.074514
400.914116,76,34178.687293
3163.59666,675,34190.792574
153.877692,35,34191.308005
782.138042,169,34193.031076
2959.852507,608,34204.744351
3240.292283,681,34212.440067
3636.533855,774,34226.042418
2220.879834,465,34235.869451
1059.335396,207,34238.079588
377.067388,73,34238.655009
352.471527,74,34239.780693
326.062164,65,34240.388215
1908.156692,411,34244.83818
405.711304,89,34245.895191
875.437437,183,34251.783917
172.73983,39,34251.847368
356.412826,76,34252.886198
532.164832,102,34254.050195
395.708785,85,34255.181929
537.099837,114,34256.39605
770.778781,154,34258.205869
486.418673,98,34259.373191
200.153362,41,34259.92033
709.425398,148,34261.590408
350.678048,71,34265.903515
759.662415,159,34267.719294
291.099982,59,34268.315842
450.594806,102,34269.999336
758.235675,166,34271.722212
332.273326,74,34272.326569
196.563363,39,34272.873364
1121.139284,248,34275.651672
722.700639,155,34283.140904
1097.509892,232,34286.005064
980.513479,211,34288.228386
842.79165,162,34289.98011
1080.353309,228,34292.807932
867.041035,197,34302.296894
1150.493836,245,34305.056024
4565.634427,966,34320.311329
1259.69724,271,34323.051335
2327.7358,520,34333.465025
682.523826,151,34335.149181
1397.25219,305,34338.597712
557.420057,129,34340.274276
1248.188664,265,34343.163358
989.04356,204,34350.488818
712.211841,151,34352.183635
1902.41585,396,34356.583743
1281.274362,284,34359.930391
463.582969,100,34366.734715
833.156984,174,34368.420175
978.787782,187,34370.699705
1612.680918,322,34374.126071
591.447694,134,34375.740216
611.638509,131,34376.924734
293.234848,61,34381.918135
346.189366,75,34382.486155
105.021071,24,34383.004519
90.430248,20,34383.039228
144.130752,32,34383.567157
167.405545,37,34383.631426
940.804685,202,34385.764093
270.665877,58,34386.759139
133.203312,29,34386.807187
440.138332,82,34387.830301
1078.41891,224,34390.18377
1569.437261,327,34398.554234
460.881617,105,34399.738626
602.642268,126,34401.402938
214.956629,46,34401.485244
1673.040166,354,34405.972861
875.174993,183,34407.693104
429.945245,87,34413.296413
498.155088,102,34414.404362
430.562641,89,34415.50111
334.121244,74,34416.088046
624.464353,145,34417.69009
580.15914,124,34419.339187
3523.342359,758,34433.644297
601.537306,135,34434.980997
533.709787,126,34436.705735
1709.156831,380,34445.078146
532.633186,115,34446.233628
779.39647,179,34448.002006
623.256189,133,34449.612955
718.9476,157,34451.341455
1122.216549,235,34454.083619
505.947419,111,34455.253931
446.257989,101,34462.127551
2599.350189,549,34468.442772
664.717649,137,34470.100933
886.988032,179,34471.828054
373.413663,76,34472.925089
314.751929,67,34477.731537
453.488441,90,34478.911439
347.537344,72,34480.063231
433.454216,88,34480.698674
588.298883,121,34482.350113
627.522374,138,34484.045335
1114.595325,222,34486.293758
455.579343,94,34487.441962
501.612061,99,34488.587216
2713.737348,586,34500.7619
630.408955,143,34502.028245
491.823311,111,34503.676171
888.136466,197,34511.558417
376.780901,86,34512.178142
237.537343,51,34512.743293
637.516539,144,34514.43307
1121.085882,246,34517.338843
719.610465,144,34519.041963
2421.460361,526,34530.929822
732.495843,166,34532.696809
1126.437462,239,34535.515067
551.024618,119,34536.686953
218.426605,47,34537.226712
398.452782,93,34538.315767
1613.04211,336,34546.315949
654.499094,133,34547.476958
467.970914,105,34548.62941
291.722975,68,34549.70091
631.825482,133,34550.880435
764.376953,162,34553.027621
531.310634,117,34554.164989
942.654208,198,34560.183787
486.724417,111,34561.279911
622.85081,135,34562.88815
588.988773,119,34564.003238
2565.192124,537,34573.803234
266.388014,60,34574.360087
455.694335,100,34575.449173
854.082621,172,34577.55606
992.591554,208,34579.734103
453.034397,106,34580.823201
932.607927,191,34582.975244
1333.662788,279,34591.691678
723.110249,159,34593.343853
298.530656,66,34594.363051
2072.733392,423,34598.786735
1500.569835,305,34606.588228
1097.003245,228,34609.375014
433.82984,95,34610.48192
1289.849552,265,34613.34212
2453.660738,540,34624.622085
397.041484,77,34625.231037
382.327137,73,34626.283577
1101.007019,234,34628.563487
4715.195502,1000,34644.102593
701.814517,148,34645.823135
1170.693908,236,34648.728193
1263.201849,260,34657.120971
501.693449,104,34658.178582
1583.077112,308,34661.814992
520.284996,102,34662.892233
529.44625,106,34663.973436
1253.388715,263,34671.604371
1283.007478,276,34674.763398
1195.762143,253,34677.424217
568.981749,112,34678.555739
2644.417562,547,34690.638831
1425.867594,322,34693.872189
2396.815084,512,34704.128815
2562.346051,530,34709.923474
1675.038747,370,34719.657383
1117.997378,235,34722.461862
2002.622342,426,34727.568244
1335.389394,295,34736.674592
1096.144402,223,34739.137644
2232.485559,479,34745.271411
2047.502845,428,34754.922545
730.236374,154,34756.641816
576.096534,123,34758.307566
622.296647,129,34759.534561
1033.49865,214,34762.316269
261.868442,60,34762.870735
451.746393,85,34763.475314
1932.572646,396,34773.681731
455.979031,104,34774.837269
3235.8434,692,34787.419171
1570.905166,332,34791.223768
1572.039202,336,34795.18405
3638.692876,778,34809.604606
1507.976409,318,34813.425267
1090.713827,225,34823.009421
477.987385,101,34824.139643
836.208715,181,34826.293187
419.408434,90,34827.364015
582.034082,122,34828.480123
528.15416,110,34829.595915
1652.16996,346,34838.172346
1670.584012,352,34842.030092
399.474473,91,34843.108788
303.325138,64,34843.681642
1156.692417,254,34846.422844
1695.278538,362,34856.236297
1212.379468,257,34859.159224
315.885099,65,34859.805876
684.127124,153,34861.545863
1471.981224,337,34865.635156
1167.849306,261,34875.232299
719.74013,149,34877.034526
489.704109,111,34878.189101
388.618891,84,34879.319957
2483.869124,525,34889.408873
1235.473315,257,34892.698022
216.579376,48,34893.250289
2419.243865,503,34898.967058
1029.094848,224,34905.865733
1147.199899,239,34908.595576
2707.400057,567,34914.826108
469.026089,93,34920.478873
799.065684,170,34922.208647
352.774566,70,34923.25685
278.983467,58,34923.826048
422.210129,94,34924.941754
595.011889,125,34926.142249
388.15537,84,34927.232394
1057.089091,215,34929.572094
1345.740002,283,34937.913282
526.527928,124,34939.157855
555.246378,111,34940.826174
748.844479,156,34942.58281
622.955093,127,34943.788135
1639.370007,344,34947.795143
575.897145,118,34954.824541
397.924474,83,34955.431562
466.925482,104,34956.555137
564.589468,113,34958.169576
402.451724,85,34958.803937
537.601576,114,34960.404371
446.390266,97,34961.520468
833.840026,177,34963.312361
1614.350972,343,34971.476157
449.311206,89,34972.607375
1522.610294,330,34976.322336
478.69621,108,34977.507317
1151.548717,243,34980.383692
543.268444,114,34987.950078
2105.245814,442,34992.663204
606.911078,120,34994.324298
532.384267,109,34995.533106
706.852692,158,34997.276459
2408.345946,509,35008.444898
442.181223,90,35009.544869
392.981438,78,35010.685802
1986.634133,414,35020.94
586.821323,134,35022.660773
1303.695983,268,35025.575095
1523.225748,330,35029.569213
371.908793,73,35030.175703
745.235149,156,35031.853453
1002.002603,215,35039.122223
403.680219,79,35039.729237
392.024251,76,35040.802756
676.456208,128,35041.9761
411.213769,84,35043.066428
534.268809,116,35044.215673
833.697701,171,35046.440535
394.705997,94,35047.065248
1526.710887,316,35055.358769
1230.683869,263,35058.131258
1042.236956,204,35060.375764
938.123511,200,35062.642129
377.587717,82,35069.335963
1633.886532,324,35072.779445
601.53006,124,35074.424244
855.714244,181,35076.222176
895.273355,199,35078.450294
1073.994378,229,35086.490957
1082.881439,235,35089.289157
2415.678768,526,35095.057887
106.771306,27,35095.591608
112.091977,28,35095.637092
466.502742,109,35096.788404
681.196726,138,35102.544683
593.856761,115,35103.738948
344.660358,78,35104.814577
1300.624956,287,35108.239314
944.947274,205,35110.499963
602.870828,120,35111.676207
990.263898,205,35118.645901
1020.062518,221,35121.467316
453.303315,104,35122.646148
625.386297,143,35124.408075
250.200186,61,35125.022609
674.343763,143,35126.75835
389.823721,98,35127.865826
303.366335,72,35128.444255
443.440052,106,35133.240021
1302.69433,261,35136.644998
980.805089,187,35138.411195
578.302809,137,35140.071542
311.927051,73,35141.146821
662.393209,142,35142.341423
747.904652,157,35148.403819
664.424636,150,35150.078739
437.289476,105,35151.664075
1018.635059,234,35154.037004
1051.891781,217,35156.79978
1511.984776,332,35165.689749
1158.892956,246,35168.526082
355.268348,82,35169.657187
540.902929,118,35170.864425
516.425592,112,35172.0403
716.659168,161,35174.241158
512.667063,119,35175.424819
342.917156,83,35181.162305
3508.174119,739,35188.903463
549.377515,120,35190.484142
589.58457,128,35191.614788
1865.72439,401,35202.454695
602.113138,125,35204.122476
344.899754,82,35205.201185
1743.840976,378,35209.277789
2284.536645,479,35221.93435
347.053967,76,35222.528546
3732.573564,750,35236.417277
1606.113026,339,35240.227186
1655.289491,375,35249.441116
568.914134,119,35250.602113
655.165572,147,35252.277767
486.86668,113,35253.414299
611.030734,126,35255.133261
558.844297,113,35256.292074
419.628,90,35257.382933
402.138208,79,35258.008618
1700.21607,352,35266.841173
4257.051713,898,35281.680531
493.238897,114,35283.329799
512.975497,104,35284.452241
1558.511941,320,35287.887186
1193.099718,255,35290.708023
612.482717,131,35292.355503
659.419991,130,35297.963581
526.427587,116,35299.567104
830.914951,179,35301.319089
820.864901,181,35303.483064
211.542767,46,35304.030637
2203.795741,483,35313.746461
148.730845,35,35314.279145
1648.145818,326,35318.089046
837.555028,185,35319.791986
3122.034087,644,35331.711808
259.739028,63,35332.298651
254.457293,60,35333.347934
386.503798,90,35334.01973
679.796164,152,35336.17959
508.585044,111,35337.323679
877.755456,176,35339.106836
408.595808,90,35345.237966
609.24621,123,35346.925298
2522.098894,531,35352.854104
810.650177,172,35355.137486
416.787965,84,35355.761431
762.629258,165,35362.348142
2010.149994,413,35367.152451
2059.371055,442,35372.601023
942.693728,193,35380.576796
866.581775,173,35382.748282
510.237419,100,35383.947539
890.099732,198,35386.303301
518.269627,107,35387.454999
907.767927,196,35389.888299
4028.973569,854,35403.804844
897.673236,181,35405.976445
555.049567,122,35412.098027
624.043726,132,35413.725619
1110.697672,229,35415.975277
1218.475733,263,35419.19506
595.243587,133,35420.349321
848.437817,175,35427.95796
828.896283,179,35429.68718
1451.062633,303,35433.209632
428.118732,102,35434.471514
1701.441559,350,35438.794419
693.070549,157,35445.929002
3019.989465,632,35453.07125
631.33914,132,35454.7078
1025.610911,198,35461.98579
813.831067,168,35463.673048
2234.135904,467,35469.296451
1379.297625,287,35472.281796
1739.585717,341,35480.900376
422.360716,92,35481.99682
611.373354,134,35483.587468
1449.55387,312,35486.890152
619.146271,145,35493.637161
3119.041664,644,35500.636979
401.284988,95,35501.708655
221.397673,54,35502.25446
623.879563,133,35503.393672
1012.338832,233,35511.353751
559.992174,121,35512.473862
1441.353997,301,35515.870848
335.221354,75,35516.912817
630.65123,128,35518.033714
796.177418,180,35520.160177
541.449032,105,35526.09222
1571.308807,312,35529.322173
696.107578,145,35530.917617
1217.804323,254,35533.624909
512.457555,115,35535.178465
605.868989,131,35540.743973
551.440522,133,35542.32369
1036.487051,229,35544.973033
892.113928,177,35546.621384
1277.48378,267,35549.359681
204.42559,47,35549.893191
683.25585,158,35555.61973
254.970208,56,35556.16215
260.949288,61,35556.720827
965.529968,208,35558.883749
554.228654,112,35559.976393
213.139908,54,35560.513941
1085.999293,232,35563.16812
207.745568,47,35563.69733
180.933002,41,35564.212365
1398.13349,294,35572.668426
629.487252,132,35573.805386
1115.496157,241,35576.51351
912.964765,192,35578.674888
318.474996,87,35579.738991
447.081261,100,35580.813224
714.448948,162,35587.61393
359.37912,82,35588.647361
689.326513,155,35590.266272
1355.69474,283,35593.012059
234.842134,54,35593.55121
1587.044577,326,35597.278183
571.828845,121,35603.722989
2034.828304,447,35608.630315
691.946913,153,35610.285591
1575.123469,338,35618.479737
611.806655,131,35620.064324
4231.211309,874,35633.573858
1661.529451,355,35637.364239
984.787741,191,35639.49744
157.09397,35,35640.002701
811.709053,184,35641.716752
627.556913,140,35643.461544
2254.63858,481,35654.591549
1595.665317,345,35658.667313
957.616296,208,35660.890233
2504.05853,527,35671.38196
531.108162,122,35672.968019
609.615831,118,35674.121771
643.482333,153,35675.900844
468.561496,100,35677.099977
727.227211,152,35683.41487
410.364139,97,35684.487238
335.420628,77,35685.515682
1636.787469,358,35689.328393
681.58602,140,35690.917331
563.241379,116,35692.007434
372.313849,78,35698.925922
365.669332,79,35699.51324
1118.516318,232,35702.21225
1641.213315,354,35706.072892
1094.220366,235,35708.742056
866.630929,187,35715.741093
567.397088,124,35717.323191
1903.374242,411,35721.751007
961.850791,213,35723.931689
594.694706,130,35725.507037
1304.682752,275,35733.446866
846.576006,192,35735.272527
1545.581063,315,35739.102675
3437.338265,735,35751.247739
771.085419,153,35753.072327
1910.247906,397,35763.457408
1816.267431,385,35767.969742
655.346784,133,35769.617368
1186.569171,230,35771.94809
1561.676783,328,35780.832114
1541.726529,341,35784.774762
2596.837968,545,35795.59018
1294.734553,261,35798.52085
676.234219,158,35800.161178
1731.263964,368,35804.194165
364.985635,80,35805.237699
1425.225967,307,35815.295007
1067.181187,229,35818.030124
452.455765,95,35819.099713
861.841231,189,35820.79189
538.684416,114,35822.344838
329.67766,77,35822.921224
936.084847,197,35830.129146
423.892224,84,35831.178995
404.768597,93,35832.23977
568.132079,117,35833.343623
482.882955,92,35834.405931
576.555679,120,35835.511428
622.785592,128,35837.093358
2037.496082,429,35847.842278
1804.636358,390,35852.36842
3568.754573,738,35867.603258
583.134529,132,35869.376678
629.764677,124,35870.579319
1711.123242,347,35874.586052
1066.603615,230,35883.183919
584.20925,130,35884.321542
2240.012989,477,35889.64762
840.964874,186,35891.340385
583.782359,120,35897.70154
594.753876,126,35898.818904
465.05586,91,35899.869397
990.064023,205,35901.992371
440.743067,101,35903.086235
644.616416,131,35904.642012
1522.377902,305,35907.824722
1441.538912,301,35916.653931
1276.075646,260,35919.626745
131.076684,30,35920.177262
86.576082,19,35920.210036
1071.760698,238,35923.02582
1120.383736,234,35930.431359
2000.742591,418,35934.981424
1081.834784,228,35937.730435
851.543287,186,35939.495413
2953.255517,612,35951.888581
1739.752723,360,35955.684677
2954.215147,619,35966.865135
648.227296,145,35968.592385
1611.462796,343,35972.384783
1631.96295,354,35982.780793
728.070972,168,35984.446455
2100.887968,444,35989.615888
4758.748639,1000,36005.914056
760.708627,170,36012.8432
1017.881552,228,36015.057833
982.084802,219,36017.705109
565.583613,135,36018.811862
519.976227,121,36020.365898
557.196413,121,36021.520554
551.248624,113,36027.600326
770.938861,174,36029.685673
314.882518,70,36030.251286
615.773316,142,36031.829695
796.854944,181,36033.992742
713.24412,153,36035.712812
969.075083,214,36037.999211
879.098254,189,36046.348876
1475.018611,319,36049.617731
565.340164,129,36051.222712
2870.812975,617,36062.899858
476.186883,107,36063.958616
1078.239704,223,36066.611127
423.30746,93,36067.710206
552.388127,121,36069.142687
1097.99715,235,36077.442436
3832.354803,815,36086.088026
1635.474026,373,36095.369461
3105.251444,669,36102.745276
1169.002672,259,36109.74303
901.238479,207,36111.871064
1937.95267,417,36116.160417
1283.675061,273,36125.575173
556.636008,121,36126.681723
1739.489773,371,36130.999061
553.484411,123,36132.139321
574.087445,124,36133.740262
665.536402,151,36135.365166
1930.548904,409,36145.491099
923.877523,199,36147.619763
1052.899714,231,36150.327574
726.171039,165,36152.01331
525.663615,120,36158.340314
854.52712,183,36160.603528
578.242624,132,36162.251942
404.015651,86,36162.874081
1180.626515,262,36165.70516
473.239997,105,36167.294857
421.869488,95,36167.959333
1290.551125,283,36175.839183
689.035939,154,36177.436883
742.153415,168,36179.486433
627.224593,139,36180.615565
711.647683,160,36182.784923
1412.161513,292,36191.040505
428.359993,98,36192.146664
990.19777,224,36194.791216
850.139895,194,36196.949207
792.379219,159,36198.539268
1946.426406,419,36206.835476
583.882717,115,36208.348193
745.937084,155,36209.951872
490.341948,114,36211.090888
531.945466,104,36212.21708
597.899351,134,36213.932837
1019.882464,224,36221.299848
412.686957,96,36222.48075
514.903683,116,36223.70234
420.961165,95,36224.840536
345.761326,73,36225.899536
1709.912018,371,36229.977507
545.991344,123,36231.615074
502.255825,104,36237.956023
1181.043263,260,36240.745564
489.201608,110,36241.83189
997.874574,211,36244.068732
746.816012,179,36246.287628
710.771209,160,36248.039867
724.788163,158,36254.284223
1293.673824,279,36257.617913
1100.484895,230,36259.943101
422.885397,91,36261.066969
606.092708,124,36262.696023
1740.581296,357,36271.689776
515.269883,111,36272.841022
640.203061,139,36274.585072
509.755634,111,36275.787357
230.654011,53,36276.350194
359.567787,79,36277.466322
248.985364,54,36278.022101
1258.389449,255,36280.831318
301.570877,72,36285.730475
233.993065,49,36286.255269
509.302222,97,36287.348424
355.574891,80,36288.421042
507.345761,100,36289.561163
1025.235632,213,36291.855712
381.488955,87,36292.940662
259.080999,60,36293.488636
320.375622,74,36294.526058
261.896088,56,36295.060925
351.179938,70,36295.609806
232.987604,55,36296.140893
2022.284511,426,36306.984995
1559.09457,335,36310.333964
491.79248,105,36311.937962
377.316225,88,36312.565995
128.820897,30,36313.088029
2330.990475,499,36323.803215
1039.445704,216,36326.017542
1313.490519,286,36329.242686
588.178382,117,36334.475325
733.068262,155,36336.088443
387.691944,76,36337.127752
546.638766,119,36338.221629
639.939435,144,36339.829403
942.254551,191,36341.964382
3145.371451,676,36354.091776
1370.023543,289,36357.301622
379.153028,83,36358.338669
351.691449,74,36358.903213
174.10001,38,36359.411762
372.949849,72,36365.262167
276.286074,57,36365.804243
1738.774201,378,36369.684788
125.588209,28,36370.174427
718.232481,146,36371.774652
530.011817,114,36372.854028
411.993186,96,36373.90213
1091.335453,243,36380.577743
527.03303,108,36381.656264
2672.308215,558,36387.606991
1262.149452,276,36395.980779
1168.926481,249,36398.689433
474.551382,108,36399.782518
961.588281,211,36401.947809
226.213262,52,36402.47805
375.426891,82,36403.508052
556.016778,122,36404.623794
485.465992,107,36405.730154
718.167299,166,36412.820698
319.662241,64,36413.377301
2453.004684,529,36418.889269
344.534704,76,36419.910407
631.482311,133,36421.465179
325.756296,69,36422.029009
531.871325,103,36427.823236
469.4412,86,36428.848053
1952.800521,406,36433.208923
642.623732,124,36434.305445
579.240715,120,36435.843301
700.084549,151,36437.448381
527.379633,115,36443.397969
1104.166618,244,36446.063054
631.643082,144,36447.663672
1763.843753,387,36451.907364
494.975465,108,36452.983362
1430.970083,307,36461.239321
1154.972146,252,36463.923048
790.825935,181,36466.001046
371.693485,77,36466.577981
448.796705,104,36467.662635
615.564689,141,36473.345687
296.079449,64,36473.894967
4780.277644,1000,36488.962419
652.688607,139,36490.546849
442.691203,93,36491.584295
217.129102,49,36492.114513
281.282847,61,36492.663131
1568.442158,326,36496.358308
1113.386024,219,36498.5272
1451.438433,316,36505.902259
802.6999,165,36507.989076
2182.757219,491,36513.330766
535.963337,113,36520.552247
775.055445,169,36522.352925
718.637927,162,36524.137303
1377.006757,280,36527.484058
296.942023,61,36528.06556
427.554949,96,36529.192242
1389.773939,284,36537.389776
1379.345668,286,36540.717554
4481.034082,951,36556.977322
470.508154,110,36558.112246
1743.708754,361,36562.205393
435.323176,100,36563.349234
270.141415,54,36563.928705
739.954033,160,36570.283675
4710.016064,1000,36587.508148
2786.868935,582,36594.127019
1926.55145,411,36606.343944
437.703914,104,36607.477051
863.694703,197,36609.670626
1349.507856,305,36613.053863
1197.853529,266,36625.452357
4710.585849,1000,36642.563997
687.755658,155,36644.260746
490.61608,96,36645.351376
1633.001278,342,36648.953806
527.540183,116,36650.546185
396.816781,86,36651.168937
938.953887,191,36653.38826
253.289117,61,36660.759948
1164.196952,255,36664.120611
635.0403,139,36665.297148
306.1136,67,36666.314422
2744.028586,562,36677.895417
974.148599,208,36680.064019
743.761816,163,36681.852685
620.141813,127,36683.536193
1454.51644,309,36686.936421
865.737424,187,36695.988218
842.99433,183,36697.755621
281.337145,68,36698.818207
705.798095,153,36700.525989
120.916982,30,36701.06193
335.539825,79,36701.684149
527.006499,110,36702.80157
1368.466784,303,36706.221244
1721.006666,359,36716.080079
702.202483,139,36717.3248
4554.431155,980,36733.885155
466.908982,101,36735.020315
4761.651985,1000,36751.179414
1661.699762,337,36755.069513
2663.896415,557,36767.663354
813.344328,180,36769.446139
2393.548689,521,36781.021561
2482.17206,535,36787.286826
274.449016,67,36787.864631
848.491587,192,36790.111154
276.148755,60,36794.902222
196.497116,47,36795.474799
256.107949,62,36796.059154
1449.087437,313,36799.388359
236.390949,58,36800.423009
315.23212,80,36801.062204
360.614045,74,36802.159074
282.277192,69,36802.753622
1641.896106,356,36810.898667
525.746491,122,36812.562782
1075.106772,231,36814.859774
2914.857858,617,36825.39101
296.401846,66,36826.410633
1090.493845,241,36829.332223
407.605899,91,36829.995204
492.789533,113,36831.838339
1834.061462,399,36836.287363
454.975055,101,36843.219246
1499.157645,329,36846.757465
1938.331626,424,36851.864419
545.59482,121,36853.089257
690.138603,147,36859.422821
110.568535,25,36859.946711
619.833349,140,36861.147928
630.108703,140,36862.828078
447.716871,103,36863.965015
1957.541643,423,36869.065213
1390.168171,298,36878.017328
3163.577241,688,36885.565169
1898.198695,401,36895.267064
1196.693083,255,36898.413884
127.134006,29,36898.463302
572.480056,128,36900.033684
430.100077,97,36901.082563
1084.299784,235,36907.37908
395.08826,92,36908.431815
317.497337,79,36909.453616
680.700688,137,36911.0249
1101.856138,242,36913.279092
972.806857,207,36915.881583
1472.497083,317,36924.679216
2684.737025,574,36930.728512
753.372023,173,36932.844253
1106.264116,248,36940.883611
1312.590075,277,36943.824408
1820.33845,400,36948.253988
939.680173,200,36950.416302
3860.531088,825,36966.886261
1123.32475,229,36974.697268
1148.394864,246,36977.323525
1246.014061,270,36980.658616
1570.494707,331,36984.088601
1694.336556,362,36993.317235
639.256542,143,36994.533284
1522.300874,330,36998.535963
455.617073,104,36999.669004
358.775411,82,37000.753465
910.780732,205,37011.614103
547.649076,121,37012.80467
2443.181048,534,37019.053735
386.830141,78,37019.668367
966.109211,201,37031.205657
1954.222658,419,37035.826342
444.209126,102,37036.967236
534.416647,122,37038.159506
1399.209451,306,37041.540139
2056.872821,451,37053.62024
880.510484,186,37055.372454
1375.62824,318,37059.12224
647.78092,144,37067.105146
705.243837,160,37069.386006
1044.568688,221,37071.661619
562.471195,122,37073.272621
906.795068,213,37075.510877
2930.293022,589,37086.902373
1542.199383,335,37090.361321
241.055786,53,37090.941725
708.417869,146,37092.643827
1667.147567,364,37102.64092
2301.37425,495,37107.919779
847.829928,179,37110.201918
1665.279721,367,37120.229558
1696.187889,357,37124.246788
1224.251275,265,37127.691236
520.31762,123,37135.33354
497.060512,121,37137.035189
4791.838112,1000,37154.263093
690.821566,139,37155.458983
994.576399,213,37158.177997
660.65512,130,37159.286098
563.43384,119,37160.853235
853.302279,165,37162.527236
1450.075497,302,37171.892016
1587.670866,350,37175.830718
593.090964,137,37177.514751
402.999208,91,37178.705162
1144.475936,256,37188.094629
2015.342978,424,37192.883831
786.910696,180,37195.59105
412.156953,97,37196.800602
473.744405,106,37198.008753
677.988569,147,37205.564399
1156.650917,248,37208.422055
331.4215,78,37209.055102
2514.889702,530,37215.205516
1387.745808,300,37224.454885
529.569504,101,37225.548247
2547.56738,541,37231.642533
654.562344,142,37239.019652
1604.715501,334,37242.349948
943.930026,202,37244.529377
1025.914853,227,37247.340574
979.851141,206,37249.619116
189.892553,42,37254.478615
429.837876,101,37255.586514
2963.302838,636,37263.222308
1535.548165,325,37273.462095
1299.763589,289,37276.723908
1046.097914,230,37278.960736
3165.835729,686,37292.76755
964.10274,198,37294.982268
975.024996,209,37297.241752
1561.871614,343,37308.717187
4623.3884,1000,37324.79118
2055.70162,434,37329.697989
586.708694,115,37330.793403
1763.256863,380,37335.219519
2723.499094,587,37347.737756
516.705241,116,37349.324783
412.814379,79,37349.937067
255.550884,53,37350.492848
670.072507,145,37352.143351
333.952539,70,37357.668777
1620.490392,334,37361.089608
388.003654,81,37362.169432
366.132067,88,37363.272008
878.141026,183,37364.948947
565.06631,123,37366.522071
579.964855,109,37367.608211
1373.934158,299,37375.128241
599.833872,118,37376.226404
905.238938,188,37378.369103
3248.713984,692,37390.822422
502.139619,100,37391.902725
309.789798,60,37392.451759
698.905557,153,37394.068983
581.583032,118,37395.621681
859.407165,193,37397.759744
544.870404,121,37398.875328
378.672584,91,37404.441725
1536.821419,335,37407.741125
1473.039013,327,37411.478525
656.786734,148,37413.093593
1095.827543,245,37419.851543
1622.646739,342,37423.6343
373.032844,78,37424.213934
985.740722,204,37426.366148
1125.861527,243,37429.082079
2634.423654,561,37439.620229
501.529141,110,37441.275675
2378.058565,503,37454.083512
460.502018,96,37455.431749
922.228471,211,37458.437725
451.660884,98,37459.776272
1392.458644,307,37463.623768
606.745752,122,37464.821929
1622.258082,332,37475.163657
453.539574,88,37476.285397
3099.55677,640,37488.958432
636.872674,146,37490.333036
2177.077786,453,37495.939687
1501.722491,330,37499.610618
1783.793468,385,37509.365129
1349.791562,279,37512.527428
4664.199478,1000,37529.963202
1349.746668,292,37533.846445
2769.391294,604,37547.317111
618.492668,135,37549.018364
494.928429,105,37550.181105
3288.602842,694,37562.707144
738.127489,171,37564.37421
767.058697,160,37566.482247
343.392344,77,37567.065639
1415.104058,299,37575.11181
729.455735,157,37576.762197
534.267038,122,37578.336713
650.637391,141,37579.961673
4740.468156,1000,37597.149454
378.755851,87,37597.756103
465.619942,114,37599.344698
3103.099647,646,37612.085506
1419.345415,299,37615.815219
800.167358,166,37617.97319
488.846999,103,37623.447006
150.600897,37,37623.968469
393.041734,79,37624.558612
1530.465859,312,37627.850525
449.924547,107,37629.420329
288.230186,61,37629.9782
695.743878,138,37631.58704
174.349459,40,37631.652314
851.535371,186,37633.816045
802.67542,172,37640.432345
405.683987,76,37641.497602
465.794831,91,37642.587402
146.434849,34,37643.117064
266.661368,59,37643.66789
515.270825,106,37644.762512
356.18189,76,37645.357386
400.887635,94,37646.431082
439.736257,92,37647.500926
973.692808,199,37649.95996
257.395506,48,37654.696465
1311.458019,286,37657.995794
2255.181397,458,37662.990384
510.942979,107,37664.084007
960.770091,187,37670.885119
922.484363,186,37672.609336
1726.239437,356,37677.064408
347.127972,79,37677.661154
510.937792,117,37679.269107
231.688157,50,37679.837988
1119.202552,218,37686.053264
747.039634,152,37687.719469
139.849228,33,37688.23919
684.503057,152,37689.914167
1161.184369,243,37692.197258
179.0603,40,37692.748465
434.721814,84,37693.82443
1210.120406,255,37700.854029
520.126886,116,37701.98343
639.863784,140,37703.636532
419.921893,92,37704.746457
140.372269,34,37705.264727
156.486853,36,37705.323891
412.632143,86,37706.402051
1181.567195,243,37709.153927
503.274309,102,37710.257436
849.963315,185,37719.362919
427.987923,101,37720.484838
397.860215,93,37721.573537
1946.264508,416,37726.168629
1417.505787,286,37729.5319
380.248029,75,37734.910637
1223.96526,254,37737.710833
2094.484818,435,37742.723867
647.570245,150,37744.380013
687.126665,146,37750.232466
405.196128,93,37751.326832
2742.472875,578,37757.562973
527.257231,119,37759.164999
557.320242,122,37760.324762
1049.829276,234,37770.028992
2016.029361,429,37774.549102
509.199413,124,37776.149295
688.974721,149,37777.789412
564.169436,121,37778.927742
692.869476,147,37784.795124
359.883808,84,37785.865644
186.404086,44,37786.400644
342.285094,74,37786.994285
466.024751,109,37788.116923
1159.474748,250,37790.874912
715.25357,157,37792.991106
386.061153,79,37793.598575
882.924859,182,37800.123369
306.975093,76,37800.712114
294.95031,74,37801.75918
1392.888926,291,37805.041254
2928.452326,609,37815.941174
517.305428,126,37817.091094
411.509352,103,37818.188635
2317.672324,484,37823.697851
382.380719,84,37824.770768
270.37624,62,37829.958996
255.672142,57,37830.516337
181.224953,43,37831.064807
270.455015,61,37831.639934
1420.033457,288,37834.950807
612.483964,144,37836.577434
1620.478179,338,37840.422351
299.390765,64,37845.490032
176.545836,41,37846.01943
476.19317,109,37847.125345
2296.393516,499,37852.671443
177.943329,42,37853.202072
523.398465,111,37854.379187
220.980202,49,37854.944701
608.140333,130,37856.08074
632.563162,135,37862.221177
369.160732,80,37863.283194
180.879437,43,37863.813807
307.153365,64,37864.383357
2947.137862,614,37871.067382
3283.412062,664,37882.638786
164.201281,38,37883.168535
2763.897495,568,37895.490944
3840.271038,802,37910.388076
3046.197738,635,37917.086349
3409.193902,722,37929.970874
505.966762,101,37931.082442
672.524759,137,37932.726357
486.895031,98,37933.367847
382.541145,85,37934.440384
668.30395,142,37936.082578
2120.044255,441,37947.002881
1157.353975,274,37949.787375
399.553666,90,37950.867817
477.7396,105,37951.968342
4502.956032,962,37967.980238
801.980263,180,37970.293101
1274.865931,258,37979.576425
447.868113,100,37980.786463
410.611279,94,37981.955421
620.066771,134,37983.730658
1103.127103,231,37986.092849
709.33828,147,37987.755696
1283.674879,247,37995.112003
488.317919,103,37996.215927
153.781353,34,37996.737667
435.724126,82,37997.801385
474.694879,102,37999.056399
1119.416383,239,38001.321793
437.733339,96,38002.484669
632.566684,132,38004.168194
556.719551,120,38009.979097
369.319588,78,38011.071353
608.25461,131,38012.709103
1821.836416,377,38016.424649
1190.286256,262,38019.055192
679.630327,144,38025.571127
719.46539,165,38027.694724
506.320733,105,38028.808692
439.604439,89,38029.445779
885.57462,196,38031.726009
365.955282,90,38032.747142
2200.000007,468,38042.335778
537.603025,109,38043.389838
1099.055991,232,38045.547828
697.523217,156,38047.114116
1096.972251,226,38049.692201
655.202979,156,38057.659356
382.15238,77,38058.657402
1198.822694,254,38061.250163
773.795,162,38062.821084
377.868337,79,38063.826736
375.573097,79,38064.392972
1317.873403,296,38071.955032
478.823619,95,38072.986358
1607.69758,324,38076.119058
767.76829,167,38078.149697
675.965922,142,38079.693607
748.05661,158,38081.258396
483.523855,97,38087.002114
1337.419415,271,38089.629654
688.231899,139,38091.173109
543.802585,120,38092.24565
2524.247809,529,38102.500907
1891.676115,408,38106.718254
474.9242,108,38107.773084
941.594357,197,38109.855277
962.387174,199,38111.94465
1217.925262,244,38119.974126
696.73813,146,38121.528058
401.483346,86,38122.537945
325.093345,70,38123.080737
1632.302114,341,38126.695998
370.554034,79,38127.258147
1135.747071,226,38133.976559
702.197879,143,38135.533271
1539.465307,324,38138.694214
289.569398,63,38139.664826
214.420594,50,38140.178678
324.494894,75,38140.733075
426.739272,98,38141.766179
111.366175,27,38142.244388
955.64346,205,38148.423561
3923.387066,824,38156.77703
1176.561492,244,38163.650781
1184.593666,244,38166.222815
814.201293,176,38167.851366
658.760654,141,38169.399045
1612.861992,342,38178.490791
286.202535,60,38179.023002
3530.105877,736,38186.796216
131.847895,31,38187.280784
705.258486,149,38193.88123
1918.143764,398,38198.023574
1131.7585,234,38200.134377
257.805457,56,38200.655072
835.8321,168,38202.664959
583.903812,121,38207.672755
296.381867,65,38208.214173
1557.936029,333,38211.812401
567.984339,123,38213.372146
1077.135743,212,38215.509177
262.350846,56,38216.04909
558.287831,126,38217.138225
935.820961,199,38223.115613
467.289473,99,38224.16046
108.04699,26,38224.638728
1414.365496,279,38227.786149
190.494404,43,38227.854376
2344.488263,470,38240.08783
688.579556,145,38241.664042
832.500929,191,38243.335707
1384.067437,295,38246.501431
784.935009,182,38248.576109
178.897904,43,38249.099118
362.286288,83,38254.938203
811.767222,168,38256.551254
288.470954,59,38257.098554
945.045406,211,38259.212196
1337.528196,297,38262.396476
383.128453,88,38263.440786
3002.979165,634,38274.844995
338.656825,74,38275.399409
680.945969,152,38277.011209
2298.132312,469,38286.459547
620.133342,141,38287.554762
236.479501,52,38288.075952
1203.962813,272,38291.14932
965.387498,217,38293.243122
3698.228195,770,38307.336853
1010.553417,211,38309.450271
1301.787679,266,38317.760826
616.548431,122,38319.276974
330.264032,71,38319.825519
454.560918,92,38320.848375
435.951525,98,38321.877019
2257.774038,479,38326.588844
432.737977,89,38331.506325
82.763362,19,38331.970912
1483.142531,312,38335.115117
149.990879,31,38335.164222
963.442748,224,38337.713207
558.248723,124,38338.796409
1012.696607,202,38340.880259
835.660302,164,38348.119642
1688.011403,359,38351.776175
1422.015766,310,38354.902203
1179.659878,252,38362.027894
1444.388169,308,38365.1504
4544.037223,957,38380.779176
880.266438,187,38382.83068
931.423339,197,38384.897014
4744.440513,1000,38402.293151
785.119274,174,38404.321788
766.66815,166,38411.42419
792.341258,179,38413.011611
1685.441176,345,38416.63285
174.689642,39,38417.132208
4729.013545,1000,38431.989324
1516.176386,311,38435.107951
2366.224021,500,38444.668213
3917.923456,834,38459.026189
450.990467,94,38460.041922
1184.61758,235,38462.606204
942.257997,217,38464.686233
606.403646,131,38466.190003
608.467262,128,38472.128821
4274.09044,912,38481.454898
456.95011,104,38486.591591
2303.290506,492,38491.764071
1560.463565,330,38495.377436
342.892367,89,38501.521053
1016.894803,214,38503.622969
1532.549385,347,38507.248936
3354.706894,718,38520.25967
701.682035,158,38521.829718
3979.589505,827,38536.123358
1198.115096,233,38538.68595
499.473433,103,38539.73334
1256.113954,286,38542.392475
822.925182,162,38549.213989
815.043872,182,38550.815981
1014.747039,218,38553.373908
508.011476,105,38554.422091
826.087916,174,38556.021831
1737.222331,356,38563.916993
1437.728784,309,38567.490647
1246.256302,254,38570.099842
2579.435194,540,38580.848133
583.096016,135,38582.370038
1350.172736,309,38585.509935
532.042427,108,38586.558133
975.969787,222,38589.143119
1824.08159,373,38598.455247
637.999994,145,38599.996284
2659.085571,584,38611.315132
4304.838315,922,38620.835367
982.697015,209,38629.780609
915.033412,205,38631.87634
1448.552556,318,38635.046736
4331.665656,925,38650.983722
487.448911,111,38652.038933
554.003461,112,38653.094961
2001.188454,432,38662.541278
588.724559,117,38663.610037
1213.745323,270,38666.271316
577.184484,123,38667.779698
315.009322,72,38668.334983
2143.823821,465,38677.804825
348.025816,78,38678.37558
2594.457605,557,38684.097455
257.332301,58,38688.383474
318.246623,73,38689.379393
661.38984,147,38690.941259
265.593911,60,38691.481278
345.763094,74,38692.486694
473.023901,104,38693.541771
1966.409145,423,38697.763072
1258.669196,255,38705.140353
1181.364538,262,38707.75501
1073.586899,233,38710.336188
1611.304335,332,38719.430702
2331.685995,499,38724.700317
431.951483,101,38725.753348
4804.407794,1000,38742.880097
1457.367523,317,38746.083306
1187.748488,279,38753.785899
306.002346,70,38754.3461
444.647623,95,38755.389585
414.998512,94,38756.433167
2207.409006,478,38761.277732
4391.549744,921,38776.227947
1114.946008,240,38783.777578
526.007426,121,38784.846637
456.590654,100,38785.881262
1202.370378,252,38788.479676
588.350482,114,38789.538022
732.709693,169,38791.560317
1139.867514,251,38799.699146
1912.021972,416,38803.879647
539.554795,114,38804.93142
755.498477,165,38806.929416
1358.757198,299,38815.692912
492.159276,110,38816.740729
4663.676011,1000,38832.886377
2422.035448,484,38837.60414
478.812028,109,38839.082326
1026.165651,227,38847.016888
1117.654998,248,38849.621627
547.817129,123,38851.126536
403.192938,92,38851.710926
1399.293103,306,38855.293178
448.735524,87,38855.871368
1299.208745,259,38863.183373
1227.225799,267,38866.255388
955.643809,201,38868.350328
401.150562,95,38869.373105
1881.810799,397,38877.871834
675.439387,147,38879.424584
732.553529,168,38881.008007
1077.207575,238,38883.595128
461.001939,107,38884.644858
1128.94569,234,38891.882915
477.419526,102,38892.910832
456.605331,103,38893.951846
1458.928083,293,38897.044461
1553.566138,344,38900.245105
615.996586,143,38901.783052
2106.516404,454,38911.973069
753.69707,169,38914.001453
457.663473,108,38915.050079
751.00743,170,38916.637371
2484.019735,506,38927.85137
1270.326951,278,38930.92265
602.523388,133,38932.444287
286.10015,67,38932.996373
1558.133501,320,38942.633694
2556.420842,545,38948.345834
1438.688205,310,38956.208206
697.11058,155,38958.216176
1443.109247,299,38961.319392
1328.611404,279,38963.972417
1936.975311,420,38973.4486
482.24525,113,38974.50508
2557.376593,544,38980.181724
868.41513,184,38987.114273
986.361157,209,38989.657508
424.921403,98,38990.241074
2622.700407,571,38996.437422
936.088659,206,39003.816063
2044.926455,438,39008.454086
957.562037,211,39010.544038
1672.026789,329,39019.972964
1110.961949,253,39022.587626
2845.814876,601,39028.842154
563.532869,128,39035.31838
1614.562754,347,39038.941016
431.364333,99,39039.967004
412.928397,96,39040.98579
1033.264679,223,39043.550042
474.781915,113,39044.600823
751.136039,166,39050.972174
4078.763276,843,39059.796538
1310.901856,278,39067.024841
515.569223,118,39068.094816
1200.64249,268,39070.729014
582.624806,124,39072.248663
842.136291,181,39073.851002
627.37605,141,39079.758991
406.628473,90,39080.781062
960.525403,185,39082.82126
548.397658,122,39083.885885
1772.15278,386,39088.007519
329.594077,74,39088.555188
405.873653,95,39095.198145
366.387948,86,39096.207723
311.350388,66,39096.746406
2083.919209,440,39101.406446
4737.138452,1000,39116.62624
1088.302462,227,39119.186088
588.078442,134,39120.292691
643.995548,153,39127.36917
701.685528,158,39128.935656
482.300476,97,39129.966114
1285.817302,281,39133.054092
929.666877,213,39135.146842
355.424504,83,39136.149997
2977.579161,621,39146.479687
421.557472,93,39147.498804
472.537228,106,39148.54668
402.592487,90,39149.563927
3192.094195,677,39163.961029
2121.627584,458,39172.975821
322.287379,74,39173.529001
329.682801,73,39174.515099
352.843694,81,39175.077887
509.757275,118,39176.570957
344.714615,79,39177.127284
352.605682,81,39178.126556
433.337427,102,39179.158204
2653.492425,551,39190.322345
915.913134,207,39192.40204
436.069218,97,39193.432886
914.307109,206,39195.532735
1179.268876,252,39198.140564
1502.259564,336,39206.894406
1665.85246,360,39210.570985
1420.411062,303,39213.729477
4710.673089,1000,39228.199824
2031.235938,437,39237.9512
318.475118,76,39238.943647
607.73816,141,39240.049052
313.630346,67,39241.026743
1944.675845,418,39250.37235
1408.505913,308,39253.520016
1874.003671,402,39257.696352
1701.471017,363,39268.188618
2498.679492,533,39273.449805
1876.904086,409,39282.015891
1101.726595,243,39284.609329
4050.956938,842,39299.28468
935.306608,204,39301.38184
2874.336825,619,39313.571809
699.898263,157,39315.136042
1475.655572,323,39318.303715
2803.387331,607,39328.822083
2365.785365,518,39334.448201
406.36516,86,39335.020122
898.48766,202,39337.101855
2878.889226,623,39349.238754
1270.402462,252,39351.822902
414.505674,94,39352.863581
1002.346979,199,39361.295842
962.463778,213,39363.411475
2975.037505,638,39370.188201
2884.47792,615,39382.146388
1722.598648,373,39386.304255
2125.398135,460,39395.958678
1242.172779,249,39398.553047
2060.038339,450,39409.104301
1166.567403,257,39411.700534
663.343802,152,39413.253341
555.125537,128,39414.333183
699.876397,145,39415.878473
1259.910648,254,39418.484759
1014.229585,224,39425.888659
991.287531,227,39428.011053
760.125436,177,39430.050565
390.866748,82,39431.04847
674.49736,144,39432.152426
4230.256487,894,39446.669126
1055.972823,224,39449.207247
2768.446475,568,39460.975453
2584.563609,569,39473.388336
562.864312,142,39474.54485
585.746307,136,39476.064133
491.874846,117,39477.125011
912.99611,196,39479.203039
630.214111,132,39480.720507
1193.351752,258,39488.723733
1544.312144,308,39491.815873
786.425901,163,39493.821084
1341.114907,286,39496.51451
646.850027,135,39498.03041
750.161698,166,39504.892841
125.180123,30,39505.374182
593.282705,131,39506.88603
673.958991,149,39508.440168
662.746797,145,39509.543665
4144.815495,883,39523.985312
970.882377,200,39526.066086
1442.076795,315,39529.243248
1112.479304,251,39538.681217
2923.606257,633,39545.412823
803.575502,165,39551.248665
856.349992,182,39553.314024
1187.61321,263,39555.951849
1349.36133,290,39559.058393
440.581607,85,39560.070741
652.749824,154,39566.169078
1332.81001,251,39568.756427
1812.289687,396,39572.908435
360.139762,75,39573.478724
1579.975307,337,39583.206361
3560.219343,776,39591.541433
1529.393756,349,39601.065249
423.355031,82,39601.645117
3494.78825,752,39617.119076
4787.728492,1000,39632.37909
2163.518217,450,39637.075694
415.383744,93,39638.100009
679.504819,135,39639.624093
406.682157,93,39640.645776
4151.220765,875,39655.17072
684.743289,153,39656.734846
702.434179,145,39658.280294
2273.796168,477,39668.96914
2248.48245,485,39673.757788
441.394401,94,39681.063815
1523.76376,320,39684.660463
407.0713,94,39685.678741
629.367175,146,39686.79524
2497.399688,519,39698.936379
1019.310717,226,39701.04967
790.441833,178,39703.078913
1087.339786,234,39705.644849
350.145025,75,39706.192047
1134.23265,232,39714.093957
736.740581,171,39715.680775
1787.668196,373,39719.783838
2221.907208,481,39729.858041
1453.249666,310,39732.977777
2731.553939,594,39739.229187
738.854862,167,39746.313824
706.219852,147,39747.858345
460.237554,88,39748.431655
1706.762438,345,39752.041802
953.8214,201,39754.105855
2125.85965,446,39763.8609
616.257121,116,39765.350373
520.284827,117,39766.408721
711.706315,157,39767.987083
1812.921929,376,39776.582629
421.455478,84,39777.15311
1568.627453,327,39780.718456
2660.608161,585,39792.338091
573.165343,122,39793.843594
3834.45332,832,39807.569399
1335.689404,272,39810.186422
509.070486,111,39811.243157
516.150181,108,39812.286107
1182.028448,253,39814.874711
3406.918465,733,39827.755673
1224.838277,238,39830.334103
735.84988,158,39831.895961
899.73073,188,39838.524354
189.247374,41,39839.023132
438.098968,92,39839.606886
4724.078507,1000,39857.541573
507.959652,111,39859.026417
524.057628,109,39860.067448
4689.299626,1000,39875.873339
459.393942,98,39876.923565
1253.934312,279,39879.572608
1209.39795,261,39888.32675
621.885071,154,39890.486954
767.772353,179,39892.085187
932.172971,207,39894.174668
936.149346,207,39896.272375
922.907927,196,39903.892382
4478.326112,957,39920.176212
745.665427,145,39921.286929
721.212409,141,39922.822773
697.492018,146,39924.365959
860.473548,178,39926.407387
2351.740382,503,39935.816529
280.716401,65,39936.354073
1797.433838,374,39940.464887
404.923677,94,39941.049245
633.558016,144,39942.58744
445.076883,92,39943.609045
498.739695,114,39950.655463
1953.135787,431,39955.281047
3970.791777,826,39969.361323
499.503337,96,39970.38317
1723.965735,353,39974.01314
4798.695898,1000,39989.003331
2478.940204,528,39999.904142
959.055925,194,40002.00541
2999.649277,630,40013.05354
565.288072,111,40014.201108
639.912436,133,40015.756014
935.836725,209,40017.872779
917.315724,186,40019.496176
421.37654,85,40020.516927
3143.824546,655,40033.766627
1768.828252,384,40037.980749
374.746836,88,40038.99158
4782.675533,1000,40054.616034
707.493271,153,40061.066629
3793.133492,810,40069.387859
371.602524,77,40069.954987
814.668473,163,40077.407712
416.257513,91,40078.420416
254.179512,54,40078.937104
1265.279719,259,40081.541564
837.391654,164,40083.104181
3819.037739,814,40095.756143
1052.860658,231,40098.307994
477.12258,104,40099.344458
1703.669575,356,40107.14774
816.223657,171,40109.174212
507.49902,100,40110.210386
495.233316,100,40111.242304
817.522423,165,40112.815153
964.504486,197,40114.866143
676.054823,142,40121.764203
2354.36549,463,40126.452915
3307.106855,691,40138.766726
467.233552,99,40139.794409
1353.080592,296,40142.899118
1006.932167,217,40144.994281
1760.788918,363,40154.588198
548.759028,105,40155.623233
528.688849,105,40156.665329
555.355738,105,40158.137087
4846.888453,1000,40174.871411
1416.439154,317,40178.034679
3365.749082,698,40191.030282
590.980379,123,40192.099184
1683.365998,371,40201.277013
1787.397408,385,40205.072799
1270.811083,269,40208.191715
3282.062747,670,40220.610184
2204.968247,483,40225.929399
642.792939,125,40227.013866
1462.668956,297,40235.046996
2236.274401,464,40240.306077
591.514882,117,40241.381651
1261.238498,268,40250.287949
227.505381,49,40250.80437
3267.661442,671,40258.004345
777.044777,157,40264.108774
4789.315368,1000,40279.761325
624.801178,130,40280.841347
522.840548,104,40282.309377
1159.06619,258,40284.901087
723.079903,132,40285.981999
1030.867511,235,40288.542335
2476.998739,545,40299.337414
286.879359,61,40299.873057
699.041586,141,40301.406886
448.001314,98,40302.445946
531.421842,118,40303.508968
4058.954294,866,40320.091453
449.490473,99,40321.125009
1659.600008,371,40331.439515
3776.840669,808,40339.847877
2853.658104,616,40350.745917
676.74942,126,40352.252717
561.986197,121,40353.321386
487.28609,103,40354.364341
131.640902,30,40354.84616
528.276423,111,40360.569228
526.62517,114,40362.062031
1433.812197,311,40365.180124
1558.403257,325,40368.349066
736.440096,147,40369.89572
1572.270521,320,40378.818163
2436.651558,502,40384.040454
1060.192768,223,40391.314241
1011.546606,227,40393.879162
448.942922,99,40394.91072
2518.889418,538,40400.164851
1122.354954,236,40409.259923
4671.257387,1000,40426.176042
1673.266677,363,40429.828133
868.447775,197,40431.906729
2399.381804,524,40443.665802
2460.872269,519,40448.890153
1232.544452,291,40457.042341
2027.471267,443,40461.731418
2332.238334,498,40466.950263
388.981238,89,40474.549322
638.500176,143,40475.683071
956.350228,191,40477.736054
424.933526,92,40478.773728
740.044027,159,40480.350998
492.092735,110,40481.841137
590.371125,131,40482.915653
1712.473458,371,40493.965441
1802.767476,386,40497.698808
811.277947,164,40499.725951
2107.307678,447,40510.247983
1401.13498,322,40513.824382
414.377128,91,40514.838968
682.159456,154,40516.396616
4166.197178,868,40530.754235
224.463276,48,40531.271984
323.814648,82,40532.279066
4646.369846,1000,40549.107338
1493.750012,318,40557.776556
1165.174064,256,40560.393006
748.858008,160,40561.964695
242.082672,53,40562.917044
915.948667,184,40564.510114
1655.69084,336,40572.01507
1605.13302,334,40575.611571
1280.447538,268,40578.236027
1039.172418,236,40580.829833
1505.893823,330,40589.379411
992.662942,230,40591.938789
4714.001795,996,40608.770446
1887.005011,404,40612.94884
406.206563,83,40619.828335
1151.364071,264,40622.472185
2223.341091,460,40627.15997
195.859844,45,40627.664109
783.676891,161,40629.239971
615.684816,147,40635.945074
1333.963018,286,40639.059278
709.851825,150,40640.60922
1359.519362,278,40643.241004
152.111216,35,40643.730616
1303.984801,264,40650.864965
1547.42513,324,40654.450114
783.383551,173,40656.042457
3808.424776,805,40672.984726
401.008579,88,40673.984622
461.837978,98,40675.023729
1275.802556,263,40677.623171
1479.29067,321,40686.408054
436.630693,87,40687.419315
1683.399256,339,40690.586319
1499.879618,325,40694.168922
489.592732,102,40700.623827
1242.010214,269,40703.259829
1361.978806,268,40706.304677
2206.303965,470,40716.688842
1468.465953,332,40720.284354
438.261941,107,40721.333683
1846.99758,409,40725.51523
1426.56913,295,40734.805292
507.478889,104,40735.841211
1095.751611,230,40738.402286
147.362364,35,40738.458334
3006.942262,611,40749.673987
1020.484249,226,40752.228002
1611.501692,320,40755.363389
4749.959622,1000,40772.099679
1717.070438,369,40781.055274
513.446961,119,40782.123932
800.335227,178,40784.156215
1201.485546,258,40786.770461
706.500629,146,40788.299364
970.812253,212,40790.392159
375.998691,103,40795.703146
630.906305,129,40797.20778
523.431442,106,40798.254303
1388.316146,286,40800.892067
1419.015518,287,40803.973747
941.029921,191,40810.951672
1614.337367,330,40814.548368
1539.537608,338,40817.744004
1886.537043,409,40828.189684
242.635563,55,40828.721864
364.192758,86,40829.296348
1486.685132,330,40832.911599
1639.373542,335,40836.490333
565.08876,117,40841.6694
125.499584,31,40842.15091
732.308751,150,40843.694646
2144.679724,438,40847.881138
1425.093097,306,40857.056029
2301.057609,488,40861.798691
2911.401756,631,40874.464903
2095.140304,444,40879.114519
637.856288,131,40880.193787
1462.1942,303,40883.301853
553.05725,129,40889.314138
1022.954331,211,40891.407096
606.978391,137,40892.938689
2078.219608,452,40897.619428
635.71029,124,40904.712559
649.649017,131,40905.785081
877.916277,198,40907.852396
1867.943763,396,40911.984839
1226.376958,260,40919.836092
4665.353482,1000,40935.012653
766.573606,159,40936.591848
2085.645954,449,40941.290874
765.98609,179,40943.326924
1409.438198,303,40953.105947
456.884632,110,40954.15787
1639.597989,371,40958.283542
448.871396,89,40958.862653
935.392171,200,40960.936074
592.20008,128,40967.461968
189.710606,43,40967.965588
1617.570816,325,40971.103094
1786.392641,380,40975.202911
473.282105,109,40976.246246
412.457627,102,40977.286424
340.535602,78,40985.21419
419.018737,86,40985.798258
644.799179,136,40987.326819
1234.290804,251,40989.918852
1028.260944,212,40992.019795
3055.323705,666,41005.727818
1111.883862,265,41008.322033
429.410236,98,41009.346999
2175.120784,449,41019.757341
1160.239361,251,41022.341991
267.441247,62,41022.876391
811.166227,195,41024.930606
428.96196,99,41025.961933
1064.708902,227,41033.765925
401.1499,94,41034.784707
85.454195,19,41034.81423
4562.456589,1000,41050.199291
475.184403,110,41051.244609
1433.41585,315,41054.404541
458.943274,94,41055.431771
1431.773176,308,41058.557973
1737.020879,381,41067.886529
2202.706698,460,41072.593076
387.86301,93,41073.613782
3025.067958,661,41085.928505
231.404771,57,41086.883649
295.056098,66,41087.415047
1245.031456,285,41095.249213
215.516416,55,41095.774001
437.887055,106,41096.817986
2183.54679,473,41101.60484
455.838977,103,41102.631266
600.832623,133,41104.172447
357.158941,78,41105.168158
1420.654078,277,41112.281697
366.101543,82,41113.28579
315.140783,71,41113.831578
1071.990343,241,41116.413833
1076.325219,252,41119.031019
563.073389,118,41120.087802
177.184486,42,41125.076882
199.71259,44,41125.580753
565.186122,134,41127.109123
273.609008,61,41127.645402
174.222386,42,41128.142795
218.654072,50,41128.656153
313.897201,70,41129.207898
195.019276,46,41129.715175
222.624038,58,41130.245946
146.027425,33,41130.736319
400.932059,96,41131.765882
151.31147,35,41132.251837
1866.230456,387,41140.721303
2014.04767,422,41145.341615
640.608909,139,41146.863104
1113.201035,254,41149.435897
998.370734,232,41156.481588
599.003396,126,41157.996831
1733.992956,398,41162.151627
505.798649,115,41163.204009
3816.643725,847,41176.526338
3857.646064,828,41192.3894
2079.765322,443,41196.626316
540.866406,120,41202.538054
2268.813262,507,41207.729114
1776.790689,374,41211.404298
1267.28238,276,41219.829755
2599.684665,548,41225.550655
1138.915434,248,41228.14159
475.768409,108,41234.062067
473.385484,109,41235.104929
478.944027,107,41236.158991
600.654548,141,41237.702031
354.459534,85,41238.709108
388.887234,94,41239.72865
517.080927,112,41240.774749
2052.401088,446,41250.790334
877.31581,181,41252.41386
3486.870767,726,41265.755311
2061.763159,448,41270.399608
2326.878724,481,41283.959975
840.724126,193,41285.603445
3013.868424,626,41292.314168
517.67601,109,41293.364103
934.469308,212,41301.189449
1063.292334,226,41303.753337
506.428194,118,41304.832026
491.291183,97,41305.864334
788.466199,156,41307.417646
1316.684806,261,41314.706039
327.71529,62,41315.24356
288.158134,58,41315.769266
316.178913,64,41316.303875
754.387519,158,41317.867853
529.669713,104,41318.910245
483.952978,97,41319.937122
656.37209,138,41321.471937
471.827328,98,41322.498826
3041.01851,650,41334.832879
882.439617,203,41336.897958
2309.04872,483,41348.445089
2994.668662,640,41355.215663
869.266812,196,41357.308277
1380.92664,298,41366.719755
584.604587,125,41367.803108
2139.459798,441,41372.482419
588.141264,131,41373.588398
1163.72557,263,41383.158038
356.707581,84,41383.72885
1565.152395,321,41387.369344
868.795569,187,41389.479113
760.619378,177,41391.129191
502.995898,106,41397.223373
651.563377,152,41398.818855
1103.497449,230,41401.415313
683.784176,148,41403.009314
2759.057932,590,41416.918424
1417.310684,310,41420.113659
1909.646365,418,41424.399806
858.850563,188,41431.347764
469.357695,109,41432.417591
2476.869286,526,41438.205935
2255.205233,494,41449.420161
3824.286146,792,41462.079421
348.829964,67,41463.06126
2603.386041,536,41468.320538
549.946554,130,41469.844814
475.930218,115,41470.915848
386.873092,93,41471.946967
1782.210439,370,41482.554297
2585.401782,560,41488.320051
1043.881175,231,41496.934804
2292.51194,490,41502.108194
4726.557402,1000,41519.663775
2326.1543,505,41530.649433
1524.709635,333,41534.258607
695.363583,145,41535.793011
158.868374,37,41536.284247
3831.23355,773,41549.763733
319.788606,66,41550.300784
315.675782,68,41551.277356
982.128075,222,41553.384764
1048.800105,216,41562.189738
4514.658309,974,41572.135323
1400.387935,312,41579.919187
3778.234836,738,41594.454896
993.2399,209,41596.526064
3333.298323,713,41603.81906
396.387925,84,41610.864792
201.280037,44,41611.375879
864.992965,173,41612.973303
81.136088,18,41613.436473
610.858307,126,41614.511706
83.265391,18,41614.973143
76.183358,17,41614.998273
838.371769,173,41616.583087
75.53635,16,41617.040623
2477.376278,510,41628.274199
671.520392,139,41629.801856
1146.188021,225,41631.914754
725.178691,159,41633.478209
4833.116588,1000,41650.382226
3890.513726,822,41664.126943
3132.54892,658,41676.188927
2218.836574,478,41681.375452
402.531627,88,41681.954638
1548.861358,316,41691.522865
1933.840638,403,41695.647063
622.443796,124,41696.707233
4511.817298,944,41711.513449
1728.06347,374,41715.661456
597.175104,117,41716.718516
445.427766,90,41722.937979
242.633414,56,41723.458951
1013.606847,195,41725.518673
2031.560493,407,41729.699958
439.56469,98,41730.726011
484.054147,100,41731.76022
259.418574,59,41732.289033
217.781949,48,41737.06497
593.034531,128,41738.595893
1686.272681,353,41742.248705
587.425504,141,41743.347359
949.31644,196,41745.406389
383.076021,94,41746.427914
246.705301,60,41746.952439
4914.039771,1000,41761.692221
1204.424937,257,41769.175889
782.67664,167,41770.750519
954.403449,208,41772.810429
2780.360078,590,41784.318677
344.654327,81,41785.315124
281.466242,63,41785.846026
2333.75067,474,41790.595066
657.876056,149,41792.147475
660.788704,146,41799.372447
2998.164093,645,41806.129955
664.354913,142,41807.676445
2036.943804,419,41816.632108
771.811639,159,41818.234994
4263.863804,879,41833.360456
2403.353973,513,41838.636948
421.844885,101,41839.716015
467.998467,105,41845.991698
690.705038,155,41848.011217
1459.634636,286,41850.715672
409.749871,81,41851.731678
1177.427024,258,41854.397408
1410.850894,295,41863.791108
551.679191,112,41864.863418
3986.797906,846,41879.602339
2738.553239,604,41885.832449
2192.075503,481,41896.987302
3201.290681,684,41903.815431
452.096338,88,41904.831942
462.455355,105,41911.188427
1903.030406,397,41915.352988
4849.742693,1000,41931.213358
693.572077,139,41932.770868
2950.551215,629,41946.266434
635.181273,142,41947.363189
465.981125,97,41948.395277
492.75502,101,41949.426328
2037.283782,439,41959.111681
804.824196,164,41960.680249
479.402133,96,41961.707136
4360.683657,903,41976.141469
553.583529,125,41977.649405
451.079757,94,41978.681822
456.261285,88,41979.693811
676.333225,139,41980.791863
4672.1003,981,41995.810454
1106.658931,252,41998.452733
953.203597,201,42006.402398
1138.533718,235,42009.05792
1127.956054,227,42011.220033
2986.818589,642,42023.987877
1360.833628,291,42027.080221
447.13703,94,42028.10057
690.21899,138,42029.630057
1167.90156,251,42032.244466
583.986668,134,42038.760335
660.87133,139,42040.310737
629.216635,125,42041.817039
500.957371,100,42042.847966
4053.639536,876,42057.668994
348.430686,73,42058.659705
2428.592973,479,42063.349131
1196.472382,257,42070.784767
794.747461,167,42072.806745
2315.484384,495,42077.965044
2095.635927,426,42086.868394
899.35066,191,42088.941153
871.636837,161,42090.501162
316.197487,66,42091.035986
1069.248947,229,42093.595475
1025.823355,220,42101.499344
696.347537,141,42103.030191
1101.510483,213,42105.109341
441.92503,106,42106.593679
1510.994752,316,42109.733755
1541.445091,311,42117.483627
358.886904,72,42118.473443
509.752072,103,42119.510858
2670.88561,568,42125.26165
560.123902,107,42131.943899
1023.057102,200,42134.005187
1449.984218,315,42137.17132
1455.166787,294,42140.268207
496.004335,104,42141.303819
1866.782003,399,42150.019521
2417.391221,506,42155.218662
552.238247,112,42156.716125
436.620544,83,42161.589475
1155.39984,253,42164.167476
515.651082,99,42165.198233
1299.25237,260,42168.221881
574.07583,111,42169.267934
535.36888,106,42170.307876
362.719107,75,42170.862276
352.696973,82,42176.514034
473.139967,104,42177.555866
663.322046,147,42179.085778
347.43076,73,42180.069478
1029.515675,200,42182.130181
556.120659,107,42183.183984
840.21151,164,42184.742516
500.12879,102,42185.781064
293.867039,60,42186.308569
378.570117,74,42192.82123
405.135561,82,42193.390282
650.095007,124,42194.899263
342.398108,68,42195.439242
1500.751282,332,42199.059081
426.976842,83,42199.634904
1107.18628,218,42202.168435
400.268843,81,42207.012235
284.453778,57,42207.987111
405.850939,84,42208.568358
398.513318,80,42209.572685
541.063345,108,42210.621386
2195.477013,478,42215.797236
2360.795231,485,42225.136562
1980.38167,424,42229.792675
445.198203,104,42230.834446
4528.95232,935,42247.193081
2892.571342,613,42258.279896
565.74434,118,42259.339993
377.476398,75,42260.330436
202.393901,45,42260.835452
209.184713,46,42261.339504
381.103776,82,42261.906415
424.760297,92,42262.922195
1370.598192,300,42271.100073
1763.796615,364,42274.745427
1890.575863,405,42278.924947
1707.253801,361,42288.146984
433.443359,87,42288.726092
4114.423724,869,42302.255792
1693.108961,347,42305.897208
343.928685,81,42306.462689
1278.939613,289,42309.582108
2259.138491,472,42321.196912
423.641787,100,42322.230902
945.195536,196,42324.291453
2564.79437,543,42334.362695
395.467489,85,42335.376016
582.957406,122,42336.447361
4719.966441,1000,42352.519799
1011.214303,225,42355.156229
2242.321355,468,42365.313466
328.5752,74,42366.305706
4823.830705,1000,42383.241464
378.873384,92,42384.25696
3362.385901,716,42396.411891
904.01914,186,42398.451215
1160.883006,257,42401.074748
267.23524,63,42401.612923
373.783433,94,42402.641081
856.338101,186,42404.692588
3219.467632,686,42415.901658
394.048682,97,42416.929332
341.023394,80,42417.932811
871.059818,204,42420.011333
1944.664007,398,42428.767124
527.395781,122,42429.842551
943.120076,212,42432.371432
360.130428,83,42432.937297
1402.235431,292,42441.269881
369.963126,83,42442.280475
2287.257038,485,42447.063141
714.612726,156,42449.067018
